0 	 1
0.02 	 0.9998
0.04 	 0.9992
0.06 	 0.998201
0.08 	 0.996802
0.1 	 0.995004
0.12 	 0.992809
0.14 	 0.990216
0.16 	 0.987227
0.18 	 0.983844
0.2 	 0.980067
0.22 	 0.975897
0.24 	 0.971338
0.26 	 0.96639
0.28 	 0.961055
0.3 	 0.955336
0.32 	 0.949235
0.34 	 0.942755
0.36 	 0.935897
0.38 	 0.928665
0.4 	 0.921061
0.42 	 0.913089
0.44 	 0.904752
0.46 	 0.896052
0.48 	 0.886995
0.5 	 0.877583
0.52 	 0.867819
0.54 	 0.857709
0.56 	 0.847255
0.58 	 0.836463
0.6 	 0.825336
0.62 	 0.813878
0.64 	 0.802096
0.66 	 0.789992
0.68 	 0.777573
0.7 	 0.764842
0.72 	 0.751806
0.74 	 0.738469
0.76 	 0.724836
0.78 	 0.710914
0.8 	 0.696707
0.82 	 0.682221
0.84 	 0.667463
0.86 	 0.652437
0.88 	 0.637151
0.9 	 0.62161
0.92 	 0.60582
0.94 	 0.589788
0.96 	 0.57352
0.98 	 0.557023
1 	 0.540302
1.02 	 0.523366
1.04 	 0.50622
1.06 	 0.488872
1.08 	 0.471328
1.1 	 0.453596
1.12 	 0.435682
1.14 	 0.417595
1.16 	 0.39934
1.18 	 0.380925
1.2 	 0.362358
1.22 	 0.343646
1.24 	 0.324796
1.26 	 0.305817
1.28 	 0.286715
1.3 	 0.267499
1.32 	 0.248175
1.34 	 0.228753
1.36 	 0.209239
1.38 	 0.189641
1.4 	 0.169967
1.42 	 0.150225
1.44 	 0.130424
1.46 	 0.11057
1.48 	 0.0906716
1.5 	 0.0707372
1.52 	 0.0507745
1.54 	 0.0307915
1.56 	 0.0107961
1.58 	 -0.00920354
1.6 	 -0.0291995
1.62 	 -0.0491838
1.64 	 -0.0691484
1.66 	 -0.0890854
1.68 	 -0.108987
1.7 	 -0.128844
1.72 	 -0.148651
1.74 	 -0.168397
1.76 	 -0.188077
1.78 	 -0.207681
1.8 	 -0.227202
1.82 	 -0.246632
1.84 	 -0.265964
1.86 	 -0.285189
1.88 	 -0.3043
1.9 	 -0.32329
1.92 	 -0.34215
1.94 	 -0.360873
1.96 	 -0.379452
1.98 	 -0.397879
2 	 -0.416147
2.02 	 -0.434248
2.04 	 -0.452176
2.06 	 -0.469923
2.08 	 -0.487482
2.1 	 -0.504846
2.12 	 -0.522008
2.14 	 -0.538961
2.16 	 -0.555699
2.18 	 -0.572215
2.2 	 -0.588501
2.22 	 -0.604552
2.24 	 -0.620362
2.26 	 -0.635923
2.28 	 -0.65123
2.3 	 -0.666276
2.32 	 -0.681056
2.34 	 -0.695563
2.36 	 -0.709793
2.38 	 -0.723738
2.4 	 -0.737394
2.42 	 -0.750755
2.44 	 -0.763815
2.46 	 -0.77657
2.48 	 -0.789015
2.5 	 -0.801144
2.52 	 -0.812952
2.54 	 -0.824435
2.56 	 -0.835589
2.58 	 -0.846408
2.6 	 -0.856889
2.62 	 -0.867027
2.64 	 -0.876818
2.66 	 -0.886258
2.68 	 -0.895344
2.7 	 -0.904072
2.72 	 -0.912438
2.74 	 -0.92044
2.76 	 -0.928073
2.78 	 -0.935335
2.8 	 -0.942222
2.82 	 -0.948733
2.84 	 -0.954865
2.86 	 -0.960614
2.88 	 -0.965979
2.9 	 -0.970958
2.92 	 -0.975549
2.94 	 -0.979749
2.96 	 -0.983557
2.98 	 -0.986972
3 	 -0.989992
3.02 	 -0.992617
3.04 	 -0.994844
3.06 	 -0.996673
3.08 	 -0.998104
3.1 	 -0.999135
3.12 	 -0.999767
3.14 	 -0.999999
3.16 	 -0.999831
3.18 	 -0.999263
3.2 	 -0.998295
3.22 	 -0.996928
3.24 	 -0.995162
3.26 	 -0.992998
3.28 	 -0.990437
3.3 	 -0.98748
3.32 	 -0.984128
3.34 	 -0.980382
3.36 	 -0.976244
3.38 	 -0.971715
3.4 	 -0.966798
3.42 	 -0.961494
3.44 	 -0.955806
3.46 	 -0.949735
3.48 	 -0.943285
3.5 	 -0.936457
3.52 	 -0.929254
3.54 	 -0.92168
3.56 	 -0.913737
3.58 	 -0.905429
3.6 	 -0.896758
3.62 	 -0.887729
3.64 	 -0.878345
3.66 	 -0.868609
3.68 	 -0.858526
3.7 	 -0.8481
3.72 	 -0.837334
3.74 	 -0.826234
3.76 	 -0.814803
3.78 	 -0.803046
3.8 	 -0.790968
3.82 	 -0.778573
3.84 	 -0.765867
3.86 	 -0.752855
3.88 	 -0.739542
3.9 	 -0.725932
3.92 	 -0.712033
3.94 	 -0.697848
3.96 	 -0.683385
3.98 	 -0.668648
4 	 -0.653644
4.02 	 -0.638378
4.04 	 -0.622857
4.06 	 -0.607087
4.08 	 -0.591073
4.1 	 -0.574824
4.12 	 -0.558345
4.14 	 -0.541642
4.16 	 -0.524722
4.18 	 -0.507593
4.2 	 -0.490261
4.22 	 -0.472732
4.24 	 -0.455015
4.26 	 -0.437115
4.28 	 -0.419041
4.3 	 -0.400799
4.32 	 -0.382397
4.34 	 -0.363842
4.36 	 -0.345141
4.38 	 -0.326302
4.4 	 -0.307333
4.42 	 -0.288241
4.44 	 -0.269033
4.46 	 -0.249718
4.48 	 -0.230303
4.5 	 -0.210796
4.52 	 -0.191204
4.54 	 -0.171536
4.56 	 -0.1518
4.58 	 -0.132003
4.6 	 -0.112153
4.62 	 -0.0922576
4.64 	 -0.0723258
4.66 	 -0.052365
4.68 	 -0.0323833
4.7 	 -0.0123887
4.72 	 0.00761095
4.74 	 0.0276075
4.76 	 0.047593
4.78 	 0.0675595
4.8 	 0.087499
4.82 	 0.107403
4.84 	 0.127265
4.86 	 0.147076
4.88 	 0.166827
4.9 	 0.186512
4.92 	 0.206123
4.94 	 0.225651
4.96 	 0.245089
4.98 	 0.264428
5 	 0.283662
5.02 	 0.302783
5.04 	 0.321782
5.06 	 0.340653
5.08 	 0.359387
5.1 	 0.377978
5.12 	 0.396417
5.14 	 0.414698
5.16 	 0.432813
5.18 	 0.450755
5.2 	 0.468517
5.22 	 0.486091
5.24 	 0.503471
5.26 	 0.520649
5.28 	 0.537619
5.3 	 0.554374
5.32 	 0.570908
5.34 	 0.587213
5.36 	 0.603283
5.38 	 0.619112
5.4 	 0.634693
5.42 	 0.65002
5.44 	 0.665088
5.46 	 0.679889
5.48 	 0.694418
5.5 	 0.70867
5.52 	 0.722638
5.54 	 0.736317
5.56 	 0.749702
5.58 	 0.762786
5.6 	 0.775566
5.62 	 0.788035
5.64 	 0.800189
5.66 	 0.812024
5.68 	 0.823533
5.7 	 0.834713
5.72 	 0.845559
5.74 	 0.856067
5.76 	 0.866232
5.78 	 0.876051
5.8 	 0.88552
5.82 	 0.894634
5.84 	 0.90339
5.86 	 0.911785
5.88 	 0.919816
5.9 	 0.927478
5.92 	 0.93477
5.94 	 0.941688
5.96 	 0.948229
5.98 	 0.95439
6 	 0.96017
6.02 	 0.965566
6.04 	 0.970576
6.06 	 0.975197
6.08 	 0.979429
6.1 	 0.983268
6.12 	 0.986715
6.14 	 0.989766
6.16 	 0.992422
6.18 	 0.994681
6.2 	 0.996542
6.22 	 0.998004
6.24 	 0.999068
6.26 	 0.999731
6.28 	 0.999995
6.3 	 0.999859
6.32 	 0.999322
6.34 	 0.998386
6.36 	 0.997051
6.38 	 0.995317
6.4 	 0.993185
6.42 	 0.990655
6.44 	 0.98773
6.46 	 0.984409
6.48 	 0.980694
6.5 	 0.976588
