1 	 0 	 0 	 -2 	        0 	 1
2 	 0 	 0 	 -2 	        0 	 1
3 	 0 	 0 	 -2 	        0 	 1
4 	 0 	 0 	 -2 	        0 	 1
5 	 0 	 0 	 -2 	        0 	 1
6 	 0 	 0 	 -2 	        0 	 1
7 	 0.00793056 	 0.000616845 	 -1.9859 	        0.11079 	 0.984232
8 	 0.015948 	 0.000917293 	 -1.97233 	        0.132591 	 0.968402
9 	 0.0237822 	 0.00105159 	 -1.95706 	        0.0972002 	 0.953025
10 	 0.0241375 	 0.000973935 	 -1.9555 	        0.0782627 	 0.952323
11 	 0.0280207 	 0.000975676 	 -1.94609 	        0.0381039 	 0.944747
12 	 0.0299603 	 0.000976893 	 -1.94103 	        0.0158542 	 0.940978
13 	 0.033837 	 0.000979733 	 -1.93009 	        -0.0330416 	 0.933474
14 	 0.0415734 	 0.000987365 	 -1.90453 	        -0.148197 	 0.918636
15 	 0.0568679 	 0.00101533 	 -1.8358 	        -0.443725 	 0.88999
16 	 0.0568679 	 0.00101533 	 -1.8358 	        -0.443725 	 0.88999
17 	 0.0565676 	 0.00117078 	 -1.84095 	        -0.405823 	 0.890476
18 	 0.0617551 	 0.00147739 	 -1.81878 	        -0.46726 	 0.880849
19 	 0.0629803 	 0.00209919 	 -1.827 	        -0.373465 	 0.878355
20 	 0.0771105 	 0.00333498 	 -1.76524 	        -0.522208 	 0.852407
21 	 0.0843452 	 0.00582162 	 -1.7877 	        -0.258501 	 0.838591
22 	 0.0843452 	 0.00582162 	 -1.7877 	        -0.258501 	 0.838591
23 	 0.0843452 	 0.00582162 	 -1.7877 	        -0.258501 	 0.838591
24 	 0.0910551 	 0.00625159 	 -1.74361 	        -0.407888 	 0.826597
25 	 0.0983931 	 0.00835856 	 -1.75116 	        -0.264529 	 0.81307
26 	 0.119613 	 0.011656 	 -1.63393 	        -0.530235 	 0.775785
27 	 0.150316 	 0.0199416 	 -1.53984 	        -0.530654 	 0.722667
28 	 0.150316 	 0.0199416 	 -1.53984 	        -0.530654 	 0.722667
29 	 0.150316 	 0.0199416 	 -1.53984 	        -0.530654 	 0.722667
30 	 0.16073 	 0.0234915 	 -1.52793 	        -0.468519 	 0.704923
31 	 0.183005 	 0.03017 	 -1.39091 	        -0.664146 	 0.668584
32 	 0.222123 	 0.0450267 	 -1.17262 	        -0.862425 	 0.606951
33 	 0.222123 	 0.0450267 	 -1.17262 	        -0.862425 	 0.606951
34 	 0.222123 	 0.0450267 	 -1.17262 	        -0.862425 	 0.606951
35 	 0.234827 	 0.0520845 	 -1.24302 	        -0.611792 	 0.586426
36 	 0.26276 	 0.0651908 	 -1.06959 	        -0.770457 	 0.545006
37 	 0.26276 	 0.0651908 	 -1.06959 	        -0.770457 	 0.545006
38 	 0.2856 	 0.0801736 	 -1.26957 	        -0.278761 	 0.510562
39 	 0.312985 	 0.0935137 	 -0.817418 	        -0.889199 	 0.473966
40 	 0.356884 	 0.124017 	 -0.808146 	        -0.669808 	 0.41472
41 	 0.356884 	 0.124017 	 -0.808146 	        -0.669808 	 0.41472
42 	 0.356884 	 0.124017 	 -0.808146 	        -0.669808 	 0.41472
43 	 0.372559 	 0.13561 	 -0.779407 	        -0.638121 	 0.3947
44 	 0.403789 	 0.15888 	 -0.519508 	        -0.833248 	 0.357203
45 	 0.403789 	 0.15888 	 -0.519508 	        -0.833248 	 0.357203
46 	 0.403789 	 0.15888 	 -0.519508 	        -0.833248 	 0.357203
47 	 0.416423 	 0.170425 	 -0.670154 	        -0.596749 	 0.341452
48 	 0.442968 	 0.192538 	 -0.461498 	        -0.736582 	 0.311641
49 	 0.442968 	 0.192538 	 -0.461498 	        -0.736582 	 0.311641
50 	 0.466896 	 0.216561 	 -0.79898 	        -0.286176 	 0.284405
51 	 0.492967 	 0.239048 	 -0.231532 	        -0.793699 	 0.258658
52 	 0.492967 	 0.239048 	 -0.231532 	        -0.793699 	 0.258658
53 	 0.515071 	 0.264209 	 -0.745451 	        -0.217841 	 0.235275
54 	 0.491715 	 0.239813 	 -0.629121 	        -0.393978 	 0.258742
55 	 0.539776 	 0.287722 	 -0.135544 	        -0.727066 	 0.213128
56 	 0.561779 	 0.312942 	 -0.280067 	        -0.530791 	 0.192742
57 	 0.561779 	 0.312942 	 -0.280067 	        -0.530791 	 0.192742
58 	 0.561779 	 0.312942 	 -0.280067 	        -0.530791 	 0.192742
59 	 0.569839 	 0.322531 	 -0.362154 	        -0.437113 	 0.185516
60 	 0.586299 	 0.341335 	 -0.261631 	        -0.482492 	 0.17173
61 	 0.586299 	 0.341335 	 -0.261631 	        -0.482492 	 0.17173
62 	 0.602048 	 0.360903 	 -0.420356 	        -0.311891 	 0.158609
63 	 0.618312 	 0.379923 	 -0.173129 	        -0.477304 	 0.146255
64 	 0.618312 	 0.379923 	 -0.173129 	        -0.477304 	 0.146255
65 	 0.633524 	 0.400028 	 -0.397294 	        -0.264914 	 0.13448
66 	 0.649404 	 0.41946 	 -0.11271 	        -0.453095 	 0.123431
67 	 0.649404 	 0.41946 	 -0.11271 	        -0.453095 	 0.123431
68 	 0.664163 	 0.439991 	 -0.373947 	        -0.224138 	 0.112912
69 	 0.649059 	 0.419783 	 -0.313713 	        -0.299024 	 0.123383
70 	 0.679623 	 0.459855 	 -0.0879667 	        -0.406686 	 0.103055
71 	 0.679623 	 0.459855 	 -0.0879667 	        -0.406686 	 0.103055
72 	 0.679623 	 0.459855 	 -0.0879667 	        -0.406686 	 0.103055
73 	 0.691649 	 0.476783 	 -0.175415 	        -0.319012 	 0.0953351
74 	 0.691649 	 0.476783 	 -0.175415 	        -0.319012 	 0.0953351
75 	 0.703588 	 0.493823 	 -0.251277 	        -0.242718 	 0.0880072
76 	 0.703588 	 0.493823 	 -0.251277 	        -0.242718 	 0.0880072
77 	 0.715537 	 0.510852 	 -0.242443 	        -0.228139 	 0.0810495
78 	 0.715537 	 0.510852 	 -0.242443 	        -0.228139 	 0.0810495
79 	 0.727381 	 0.528015 	 -0.234344 	        -0.213707 	 0.074435
80 	 0.727381 	 0.528015 	 -0.234344 	        -0.213707 	 0.074435
81 	 0.739125 	 0.545308 	 -0.226669 	        -0.199615 	 0.0681553
82 	 0.739125 	 0.545308 	 -0.226669 	        -0.199615 	 0.0681553
83 	 0.75077 	 0.562725 	 -0.219256 	        -0.185946 	 0.0622022
84 	 0.762492 	 0.580045 	 -0.0634896 	        -0.269856 	 0.0565921
85 	 0.762492 	 0.580045 	 -0.0634896 	        -0.269856 	 0.0565921
86 	 0.773759 	 0.59792 	 -0.210012 	        -0.156683 	 0.0512464
87 	 0.773759 	 0.59792 	 -0.210012 	        -0.156683 	 0.0512464
88 	 0.779507 	 0.606719 	 -0.156472 	        -0.182496 	 0.0487003
89 	 0.790891 	 0.624455 	 -0.0849844 	        -0.21067 	 0.0438375
90 	 0.790891 	 0.624455 	 -0.0849844 	        -0.21067 	 0.0438375
91 	 0.790891 	 0.624455 	 -0.0849844 	        -0.21067 	 0.0438375
92 	 0.795595 	 0.632029 	 -0.109182 	        -0.188305 	 0.0418702
93 	 0.805049 	 0.647101 	 -0.0668609 	        -0.200634 	 0.0381064
94 	 0.805049 	 0.647101 	 -0.0668609 	        -0.200634 	 0.0381064
95 	 0.81434 	 0.662429 	 -0.136711 	        -0.144049 	 0.0345216
96 	 0.81434 	 0.662429 	 -0.136711 	        -0.144049 	 0.0345216
97 	 0.82365 	 0.677727 	 -0.131123 	        -0.13451 	 0.0311446
98 	 0.82365 	 0.677727 	 -0.131123 	        -0.13451 	 0.0311446
99 	 0.832905 	 0.693107 	 -0.126169 	        -0.124876 	 0.0279596
100 	 0.832905 	 0.693107 	 -0.126169 	        -0.124876 	 0.0279596
101 	 0.842108 	 0.708568 	 -0.121443 	        -0.11539 	 0.0249633
102 	 0.842108 	 0.708568 	 -0.121443 	        -0.11539 	 0.0249633
103 	 0.851257 	 0.724108 	 -0.116829 	        -0.106112 	 0.0221526
104 	 0.851257 	 0.724108 	 -0.116829 	        -0.106112 	 0.0221526
105 	 0.860354 	 0.739725 	 -0.112328 	        -0.0970316 	 0.0195244
106 	 0.869491 	 0.755284 	 -0.00734698 	        -0.145874 	 0.0170859
107 	 0.869491 	 0.755284 	 -0.00734698 	        -0.145874 	 0.0170859
108 	 0.878391 	 0.771184 	 -0.107067 	        -0.0774996 	 0.0148037
109 	 0.878391 	 0.771184 	 -0.107067 	        -0.0774996 	 0.0148037
110 	 0.8829 	 0.779051 	 -0.0715793 	        -0.0920953 	 0.0137337
111 	 0.891859 	 0.794867 	 -0.021479 	        -0.109211 	 0.0117242
112 	 0.891859 	 0.794867 	 -0.021479 	        -0.109211 	 0.0117242
113 	 0.891859 	 0.794867 	 -0.021479 	        -0.109211 	 0.0117242
114 	 0.895683 	 0.801791 	 -0.0445449 	        -0.0915995 	 0.0109029
115 	 0.903367 	 0.815576 	 -0.013885 	        -0.0992845 	 0.00936256
116 	 0.903367 	 0.815576 	 -0.013885 	        -0.0992845 	 0.00936256
117 	 0.910955 	 0.82953 	 -0.0655616 	        -0.0617642 	 0.00793859
118 	 0.910955 	 0.82953 	 -0.0655616 	        -0.0617642 	 0.00793859
119 	 0.918553 	 0.843465 	 -0.0619558 	        -0.054944 	 0.00664114
120 	 0.918553 	 0.843465 	 -0.0619558 	        -0.054944 	 0.00664114
121 	 0.926119 	 0.857457 	 -0.0587342 	        -0.0480647 	 0.00546414
122 	 0.926119 	 0.857457 	 -0.0587342 	        -0.0480647 	 0.00546414
123 	 0.933654 	 0.871503 	 -0.0556143 	        -0.0412779 	 0.0044061
124 	 0.933654 	 0.871503 	 -0.0556143 	        -0.0412779 	 0.0044061
125 	 0.937423 	 0.878521 	 -0.0348404 	        -0.048171 	 0.00392165
126 	 0.937423 	 0.878521 	 -0.0348404 	        -0.048171 	 0.00392165
127 	 0.941171 	 0.885578 	 -0.0331627 	        -0.0448886 	 0.00346591
128 	 0.941171 	 0.885578 	 -0.0331627 	        -0.0448886 	 0.00346591
129 	 0.944911 	 0.892648 	 -0.0315281 	        -0.0416181 	 0.00303918
130 	 0.944911 	 0.892648 	 -0.0315281 	        -0.0416181 	 0.00303918
131 	 0.948643 	 0.899731 	 -0.0298183 	        -0.0384215 	 0.00264127
132 	 0.948643 	 0.899731 	 -0.0298183 	        -0.0384215 	 0.00264127
133 	 0.952367 	 0.906826 	 -0.0281249 	        -0.0352497 	 0.00227202
134 	 0.952367 	 0.906826 	 -0.0281249 	        -0.0352497 	 0.00227202
135 	 0.956084 	 0.913935 	 -0.0264461 	        -0.0321033 	 0.00193123
136 	 0.956084 	 0.913935 	 -0.0264461 	        -0.0321033 	 0.00193123
137 	 0.959792 	 0.921057 	 -0.0247811 	        -0.0289823 	 0.00161875
138 	 0.959792 	 0.921057 	 -0.0247811 	        -0.0289823 	 0.00161875
139 	 0.963494 	 0.928191 	 -0.0231299 	        -0.0258863 	 0.00133438
140 	 0.963494 	 0.928191 	 -0.0231299 	        -0.0258863 	 0.00133438
141 	 0.967188 	 0.935338 	 -0.0214922 	        -0.022815 	 0.00107796
142 	 0.967188 	 0.935338 	 -0.0214922 	        -0.022815 	 0.00107796
143 	 0.970874 	 0.942497 	 -0.019868 	        -0.0197681 	 0.00084932
144 	 0.970874 	 0.942497 	 -0.019868 	        -0.0197681 	 0.00084932
145 	 0.974552 	 0.949668 	 -0.018257 	        -0.0167453 	 0.000648286
146 	 0.974552 	 0.949668 	 -0.018257 	        -0.0167453 	 0.000648286
147 	 0.978223 	 0.956852 	 -0.0166591 	        -0.0137464 	 0.000474691
148 	 0.978223 	 0.956852 	 -0.0166591 	        -0.0137464 	 0.000474691
149 	 0.981887 	 0.964048 	 -0.0150741 	        -0.0107709 	 0.000328367
150 	 0.981887 	 0.964048 	 -0.0150741 	        -0.0107709 	 0.000328367
151 	 0.985543 	 0.971257 	 -0.0135019 	        -0.00781871 	 0.000209147
152 	 0.985543 	 0.971257 	 -0.0135019 	        -0.00781871 	 0.000209147
153 	 0.989192 	 0.978477 	 -0.0119424 	        -0.00488945 	 0.000116868
154 	 0.989192 	 0.978477 	 -0.0119424 	        -0.00488945 	 0.000116868
155 	 0.991018 	 0.982085 	 -0.00561172 	        -0.00623238 	 8.07781e-05
156 	 0.991018 	 0.982085 	 -0.00561172 	        -0.00623238 	 8.07781e-05
157 	 0.992838 	 0.985703 	 -0.00483311 	        -0.00478013 	 5.13578e-05
158 	 0.992838 	 0.985703 	 -0.00483311 	        -0.00478013 	 5.13578e-05
159 	 0.994655 	 0.989323 	 -0.00415868 	        -0.00328275 	 2.85911e-05
160 	 0.994655 	 0.989323 	 -0.00415868 	        -0.00328275 	 2.85911e-05
161 	 0.996472 	 0.992946 	 -0.00336232 	        -0.00185376 	 1.2458e-05
162 	 0.996472 	 0.992946 	 -0.00336232 	        -0.00185376 	 1.2458e-05
163 	 0.998286 	 0.996573 	 -0.00256076 	        -0.000434398 	 2.93838e-06
164 	 0.998286 	 0.996573 	 -0.00256076 	        -0.000434398 	 2.93838e-06
165 	 0.999864 	 0.99973 	 -0.000575185 	        0.000152057 	 1.84334e-08
166 	 1.00002 	 1.00004 	 0.000181138 	        -6.79134e-05 	 5.2474e-10
167 	 0.999997 	 0.999993 	 -1.21697e-05 	        2.65611e-06 	 1.1774e-11
168 	 0.999999 	 0.999999 	 -1.77469e-06 	        3.32278e-07 	 3.08377e-13
169 	 1 	 1 	 -3.57536e-08 	        6.28908e-09 	 1.34374e-16
170 	 1 	 1 	 -2.08852e-10 	        3.73035e-11 	 4.50893e-21
171 	 1 	 1 	 2.6823e-13 	        -4.44089e-14 	 8.0521e-27
