0	 6.21892 
0.02	 6.1813 
0.04	 6.14396 
0.06	 6.10688 
0.08	 6.07008 
0.1	 6.03355 
0.12	 5.99728 
0.14	 5.96128 
0.16	 5.92555 
0.18	 5.89008 
0.2	 5.85486 
0.22	 5.81991 
0.24	 5.78521 
0.26	 5.75076 
0.28	 5.71657 
0.3	 5.68262 
0.32	 5.64893 
0.34	 5.61548 
0.36	 5.58228 
0.38	 5.54932 
0.4	 5.5166 
0.42	 5.48412 
0.44	 5.45188 
0.46	 5.41988 
0.48	 5.38811 
0.5	 5.35657 
0.52	 5.32526 
0.54	 5.29419 
0.56	 5.26334 
0.58	 5.23271 
0.6	 5.20232 
0.62	 5.17214 
0.64	 5.14218 
0.66	 5.11245 
0.68	 5.08293 
0.7	 5.05363 
0.72	 5.02454 
0.74	 4.99566 
0.76	 4.967 
0.78	 4.93855 
0.8	 4.9103 
0.82	 4.88227 
0.84	 4.85443 
0.86	 4.82681 
0.88	 4.79938 
0.9	 4.77215 
0.92	 4.74513 
0.94	 4.7183 
0.96	 4.69167 
0.98	 4.66523 
1	 4.63899 
1.02	 4.61294 
1.04	 4.58708 
1.06	 4.56141 
1.08	 4.53593 
1.1	 4.51063 
1.12	 4.48552 
1.14	 4.46059 
1.16	 4.43585 
1.18	 4.41129 
1.2	 4.3869 
1.22	 4.3627 
1.24	 4.33867 
1.26	 4.31482 
1.28	 4.29115 
1.3	 4.26764 
1.32	 4.24431 
1.34	 4.22115 
1.36	 4.19816 
1.38	 4.17534 
1.4	 4.15269 
1.42	 4.1302 
1.44	 4.10787 
1.46	 4.08571 
1.48	 4.06371 
1.5	 4.04188 
1.52	 4.0202 
1.54	 3.99868 
1.56	 3.97732 
1.58	 3.95612 
1.6	 3.93507 
1.62	 3.91417 
1.64	 3.89343 
1.66	 3.87284 
1.68	 3.8524 
1.7	 3.83211 
1.72	 3.81197 
1.74	 3.79198 
1.76	 3.77213 
1.78	 3.75243 
1.8	 3.73287 
1.82	 3.71346 
1.84	 3.69419 
1.86	 3.67506 
1.88	 3.65607 
1.9	 3.63722 
1.92	 3.6185 
1.94	 3.59993 
1.96	 3.58149 
1.98	 3.56318 
2	 3.54501 
2.02	 3.52697 
2.04	 3.50907 
2.06	 3.49129 
2.08	 3.47365 
2.1	 3.45613 
2.12	 3.43875 
2.14	 3.42149 
2.16	 3.40435 
2.18	 3.38734 
2.2	 3.37046 
2.22	 3.3537 
2.24	 3.33707 
2.26	 3.32055 
2.28	 3.30416 
2.3	 3.28788 
2.32	 3.27173 
2.34	 3.25569 
2.36	 3.23977 
2.38	 3.22397 
2.4	 3.20828 
2.42	 3.19271 
2.44	 3.17725 
2.46	 3.16191 
2.48	 3.14668 
2.5	 3.13156 
2.52	 3.11655 
2.54	 3.10165 
2.56	 3.08686 
2.58	 3.07218 
2.6	 3.0576 
2.62	 3.04313 
2.64	 3.02877 
2.66	 3.01451 
2.68	 3.00036 
2.7	 2.98631 
2.72	 2.97237 
2.74	 2.95852 
2.76	 2.94478 
2.78	 2.93114 
2.8	 2.9176 
2.82	 2.90415 
2.84	 2.89081 
2.86	 2.87756 
2.88	 2.86441 
2.9	 2.85136 
2.92	 2.8384 
2.94	 2.82554 
2.96	 2.81277 
2.98	 2.8001 
3	 2.78752 
3.02	 2.77503 
3.04	 2.76263 
3.06	 2.75032 
3.08	 2.7381 
3.1	 2.72598 
3.12	 2.71394 
3.14	 2.70198 
3.16	 2.69012 
3.18	 2.67835 
3.2	 2.66665 
3.22	 2.65505 
3.24	 2.64353 
3.26	 2.6321 
3.28	 2.62074 
3.3	 2.60948 
3.32	 2.59829 
3.34	 2.58719 
3.36	 2.57616 
3.38	 2.56522 
3.4	 2.55436 
3.42	 2.54358 
3.44	 2.53287 
3.46	 2.52225 
3.48	 2.5117 
3.5	 2.50123 
3.52	 2.49084 
3.54	 2.48052 
3.56	 2.47028 
3.58	 2.46012 
3.6	 2.45002 
3.62	 2.44001 
3.64	 2.43006 
3.66	 2.42019 
3.68	 2.41039 
3.7	 2.40066 
3.72	 2.39101 
3.74	 2.38142 
3.76	 2.3719 
3.78	 2.36246 
3.8	 2.35308 
3.82	 2.34377 
3.84	 2.33453 
3.86	 2.32536 
3.88	 2.31626 
3.9	 2.30722 
3.92	 2.29825 
3.94	 2.28934 
3.96	 2.2805 
3.98	 2.27172 
4	 2.26301 
4.02	 2.25436 
4.04	 2.24578 
4.06	 2.23726 
4.08	 2.2288 
4.1	 2.2204 
4.12	 2.21206 
4.14	 2.20379 
4.16	 2.19557 
4.18	 2.18742 
4.2	 2.17932 
4.22	 2.17129 
4.24	 2.16331 
4.26	 2.15539 
4.28	 2.14753 
4.3	 2.13973 
4.32	 2.13199 
4.34	 2.1243 
4.36	 2.11667 
4.38	 2.10909 
4.4	 2.10157 
4.42	 2.0941 
4.44	 2.08669 
4.46	 2.07934 
4.48	 2.07203 
4.5	 2.06478 
4.52	 2.05759 
4.54	 2.05044 
4.56	 2.04335 
4.58	 2.03631 
4.6	 2.02932 
4.62	 2.02239 
4.64	 2.0155 
4.66	 2.00867 
4.68	 2.00188 
4.7	 1.99515 
4.72	 1.98846 
4.74	 1.98182 
4.76	 1.97523 
4.78	 1.96869 
4.8	 1.9622 
4.82	 1.95576 
4.84	 1.94936 
4.86	 1.94301 
4.88	 1.9367 
4.9	 1.93044 
4.92	 1.92423 
4.94	 1.91806 
4.96	 1.91194 
4.98	 1.90587 
5	 1.89983 
5.02	 1.89385 
5.04	 1.8879 
5.06	 1.882 
5.08	 1.87614 
5.1	 1.87033 
5.12	 1.86456 
5.14	 1.85883 
5.16	 1.85314 
5.18	 1.84749 
5.2	 1.84189 
5.22	 1.83632 
5.24	 1.8308 
5.26	 1.82532 
5.28	 1.81988 
5.3	 1.81447 
5.32	 1.80911 
5.34	 1.80379 
5.36	 1.7985 
5.38	 1.79326 
5.4	 1.78805 
5.42	 1.78288 
5.44	 1.77775 
5.46	 1.77265 
5.48	 1.7676 
5.5	 1.76258 
5.52	 1.75759 
5.54	 1.75265 
5.56	 1.74774 
5.58	 1.74286 
5.6	 1.73802 
5.62	 1.73322 
5.64	 1.72845 
5.66	 1.72372 
5.68	 1.71902 
5.7	 1.71436 
5.72	 1.70973 
5.74	 1.70513 
5.76	 1.70057 
5.78	 1.69604 
5.8	 1.69155 
5.82	 1.68708 
5.84	 1.68265 
5.86	 1.67826 
5.88	 1.67389 
5.9	 1.66956 
5.92	 1.66526 
5.94	 1.66099 
5.96	 1.65675 
5.98	 1.65254 
6	 1.64836 
6.02	 1.64422 
6.04	 1.6401 
6.06	 1.63601 
6.08	 1.63196 
6.1	 1.62793 
6.12	 1.62393 
6.14	 1.61997 
6.16	 1.61603 
6.18	 1.61212 
6.2	 1.60824 
6.22	 1.60439 
6.24	 1.60056 
6.26	 1.59677 
6.28	 1.593 
6.3	 1.58926 
6.32	 1.58554 
6.34	 1.58186 
6.36	 1.5782 
6.38	 1.57456 
6.4	 1.57096 
6.42	 1.56738 
6.44	 1.56383 
6.46	 1.5603 
6.48	 1.5568 
6.5	 1.55332 
6.52	 1.54987 
6.54	 1.54645 
6.56	 1.54305 
6.58	 1.53967 
6.6	 1.53632 
6.62	 1.533 
6.64	 1.52969 
6.66	 1.52642 
6.68	 1.52316 
6.7	 1.51993 
6.72	 1.51673 
6.74	 1.51355 
6.76	 1.51039 
6.78	 1.50725 
6.8	 1.50414 
6.82	 1.50105 
6.84	 1.49798 
6.86	 1.49494 
6.88	 1.49191 
6.9	 1.48891 
6.92	 1.48593 
6.94	 1.48298 
6.96	 1.48004 
6.98	 1.47713 
7	 1.47424 
7.02	 1.47137 
7.04	 1.46852 
7.06	 1.46569 
7.08	 1.46288 
7.1	 1.46009 
7.12	 1.45732 
7.14	 1.45458 
7.16	 1.45185 
7.18	 1.44914 
7.2	 1.44646 
7.22	 1.44379 
7.24	 1.44114 
7.26	 1.43851 
7.28	 1.4359 
7.3	 1.43331 
7.32	 1.43074 
7.34	 1.42819 
7.36	 1.42565 
7.38	 1.42314 
7.4	 1.42064 
7.42	 1.41816 
7.44	 1.4157 
7.46	 1.41326 
7.48	 1.41084 
7.5	 1.40843 
7.52	 1.40604 
7.54	 1.40367 
7.56	 1.40132 
7.58	 1.39898 
7.6	 1.39666 
7.62	 1.39436 
7.64	 1.39207 
7.66	 1.3898 
7.68	 1.38755 
7.7	 1.38531 
7.72	 1.38309 
7.74	 1.38089 
7.76	 1.3787 
7.78	 1.37653 
7.8	 1.37437 
7.82	 1.37223 
7.84	 1.37011 
7.86	 1.368 
7.88	 1.36591 
7.9	 1.36383 
7.92	 1.36177 
7.94	 1.35972 
7.96	 1.35769 
7.98	 1.35567 
8	 1.35367 
8.02	 1.35168 
8.04	 1.34971 
8.06	 1.34775 
8.08	 1.34581 
8.1	 1.34387 
8.12	 1.34196 
8.14	 1.34006 
8.16	 1.33817 
8.18	 1.33629 
8.2	 1.33443 
8.22	 1.33259 
8.24	 1.33075 
8.26	 1.32893 
8.28	 1.32713 
8.3	 1.32533 
8.32	 1.32355 
8.34	 1.32178 
8.36	 1.32003 
8.38	 1.31829 
8.4	 1.31656 
8.42	 1.31484 
8.44	 1.31314 
8.46	 1.31145 
8.48	 1.30977 
8.5	 1.3081 
8.52	 1.30645 
8.54	 1.30481 
8.56	 1.30318 
8.58	 1.30156 
8.6	 1.29995 
8.62	 1.29836 
8.64	 1.29678 
8.66	 1.2952 
8.68	 1.29364 
8.7	 1.2921 
8.72	 1.29056 
8.74	 1.28903 
8.76	 1.28752 
8.78	 1.28602 
8.8	 1.28452 
8.82	 1.28304 
8.84	 1.28157 
8.86	 1.28011 
8.88	 1.27866 
8.9	 1.27722 
8.92	 1.2758 
8.94	 1.27438 
8.96	 1.27297 
8.98	 1.27157 
9	 1.27019 
9.02	 1.26881 
9.04	 1.26744 
9.06	 1.26609 
9.08	 1.26474 
9.1	 1.2634 
9.12	 1.26208 
9.14	 1.26076 
9.16	 1.25945 
9.18	 1.25816 
9.2	 1.25687 
9.22	 1.25559 
9.24	 1.25432 
9.26	 1.25306 
9.28	 1.25181 
9.3	 1.25056 
9.32	 1.24933 
9.34	 1.24811 
9.36	 1.24689 
9.38	 1.24569 
9.4	 1.24449 
9.42	 1.2433 
9.44	 1.24212 
9.46	 1.24095 
9.48	 1.23979 
9.5	 1.23864 
9.52	 1.23749 
9.54	 1.23635 
9.56	 1.23522 
9.58	 1.2341 
9.6	 1.23299 
9.62	 1.23189 
9.64	 1.23079 
9.66	 1.2297 
9.68	 1.22862 
9.7	 1.22755 
9.72	 1.22649 
9.74	 1.22543 
9.76	 1.22438 
9.78	 1.22334 
9.8	 1.22231 
9.82	 1.22128 
9.84	 1.22026 
9.86	 1.21925 
9.88	 1.21825 
9.9	 1.21725 
9.92	 1.21626 
9.94	 1.21528 
9.96	 1.21431 
9.98	 1.21334 
10	 1.21238 
