This is A:
  0.840  0.394  0.783  0.798
  0.912  0.198  0.335  0.768
  0.278  0.554  0.477  0.629
  0.365  0.513  0.952  0.916
  0.636  0.717  0.142  0.607
This is Q:
  0.573 -0.168  0.329 -0.715
  0.622 -0.513 -0.122  0.575
  0.189  0.554  0.055  0.215
  0.249  0.419  0.660  0.300
  0.433  0.475 -0.662 -0.146
This is R:
  1.467  0.892  1.046  1.545
  0.000  0.695  0.427  0.493
  0.000  0.000  0.778  0.406
  0.000  0.000  0.000  0.192
Checking that R is upper triangular
By checking wether left-down is zero 
True
checking Q^TQ=I by using gsl_BLAS:
:This is Q^TQ:
  1.000  0.000  0.000  0.000
  0.000  1.000 -0.000 -0.000
  0.000 -0.000  1.000  0.000
  0.000 -0.000  0.000  1.000
checking QR=A by using gsl_BLAS:
:This is QR:
  0.840  0.394  0.783  0.798
  0.912  0.198  0.335  0.768
  0.278  0.554  0.477  0.629
  0.365  0.513  0.952  0.916
  0.636  0.717  0.142  0.607
2. new matrix B:
  0.016  0.243  0.137  0.804
  0.157  0.401  0.130  0.109
  0.999  0.218  0.513  0.839
  0.613  0.296  0.638  0.524
This is Q:
  0.014  0.532  0.137  0.836
  0.133  0.781 -0.437 -0.427
  0.845 -0.257 -0.416  0.218
  0.518  0.205  0.786 -0.268
This is R:
  1.182  0.394  0.783  1.006
  0.000  0.447  0.173  0.404
  0.000  0.000  0.250  0.126
  0.000  0.000  0.000  0.668
The vector b is:
  0.494
  0.973
  0.293
  0.771
This is the solution x:
 -0.373
  2.431
  0.619
 -0.218
The vector Ax is:
  0.494
  0.973
  0.293
  0.771
We'll use the same matrix for the inverse
so A^-1:
 -1.029  0.640  1.701 -1.277
  0.089  2.879 -0.162 -0.475
 -0.082 -1.427 -1.828  3.347
  1.252 -0.639  0.326 -0.402
AA^-1:
  1.000  0.000  0.000 -0.000
 -0.000  1.000 -0.000  0.000
  0.000  0.000  1.000  0.000
  0.000 -0.000 -0.000  1.000
3. givens stuff
This is A_g:
  0.016  0.243  0.137  0.804
  0.157  0.401  0.130  0.109
  0.999  0.218  0.513  0.839
  0.613  0.296  0.638  0.524
This is QR:
  1.182  0.394  0.783  1.006
  1.467  0.447  0.173  0.404
  1.414 -2.050  0.250  0.126
  0.545  0.242  1.900  0.668
This is a new b:
  0.527
  0.770
  0.400
  0.892
this is the solution Ax=b using givens:
 -0.507
  1.775
  1.111
 -0.060
checking that this is correct by Ax:
  0.527
  0.770
  0.400
  0.892
We'll use the same matrix for the inverse
so A_G^-1:
 -1.029  0.640  1.701 -1.277
  0.089  2.879 -0.162 -0.475
 -0.082 -1.427 -1.828  3.347
  1.252 -0.639  0.326 -0.402
AA^-1:
  1.000  0.000  0.000  0.000
  0.000  1.000  0.000 -0.000
  0.000 -0.000  1.000  0.000
  0.000 -0.000 -0.000  1.000
