0	-16.6553	-15.2433	-18.0673
0.05	-16.311	-14.899	-17.723
0.1	-15.3521	-13.9401	-16.7641
0.15	-14.3498	-12.9378	-15.7618
0.2	-13.3554	-11.9434	-14.7675
0.25	-12.3869	-10.9749	-13.7989
0.3	-11.452	-10.04	-12.864
0.35	-10.5543	-9.14231	-11.9664
0.4	-9.69528	-8.28326	-11.1073
0.45	-8.87518	-7.46316	-10.2872
0.5	-8.09364	-6.68162	-9.50567
0.55	-7.34993	-5.93791	-8.76195
0.6	-6.64302	-5.231	-8.05504
0.65	-5.97177	-4.55975	-7.38379
0.7	-5.33495	-3.92292	-6.74697
0.75	-4.73128	-3.31926	-6.1433
0.8	-4.15948	-2.74746	-5.5715
0.85	-3.61826	-2.20624	-5.03028
0.9	-3.10636	-1.69434	-4.51839
0.95	-2.62255	-1.21053	-4.03457
1	-2.1656	-0.753581	-3.57762
1.05	-1.73436	-0.322338	-3.14638
1.1	-1.32768	0.0843376	-2.7397
1.15	-0.944484	0.467537	-2.3565
1.2	-0.583708	0.828313	-1.99573
1.25	-0.244343	1.16768	-1.65636
1.3	0.0745833	1.4866	-1.33744
1.35	0.374003	1.78602	-1.03802
1.4	0.65481	2.06683	-0.757211
1.45	0.917861	2.32988	-0.49416
1.5	1.16398	2.576	-0.248043
1.55	1.39394	2.80597	-0.0180761
1.6	1.60851	3.02053	0.196493
1.65	1.8084	3.22043	0.396384
1.7	1.99431	3.40633	0.582285
1.75	2.16687	3.57889	0.754853
1.8	2.32674	3.73876	0.91472
1.85	2.47451	3.88653	1.06249
1.9	2.61075	4.02277	1.19873
1.95	2.73602	4.14804	1.324
2	2.85084	4.26287	1.43882
2.05	2.95573	4.36775	1.54371
2.1	3.05115	4.46318	1.63913
2.15	3.13759	4.54961	1.72556
2.2	3.21546	4.62748	1.80344
2.25	3.28521	4.69723	1.87319
2.3	3.34723	4.75925	1.93521
2.35	3.40192	4.81394	1.9899
2.4	3.44964	4.86167	2.03762
2.45	3.49076	4.90278	2.07874
2.5	3.52561	4.93764	2.11359
2.55	3.55453	4.96655	2.14251
2.6	3.57782	4.98984	2.1658
2.65	3.59579	5.00781	2.18377
2.7	3.60873	5.02075	2.19671
2.75	3.61692	5.02894	2.2049
2.8	3.62061	5.03263	2.20859
2.85	3.62007	5.03209	2.20805
2.9	3.61554	5.02756	2.20352
2.95	3.60726	5.01928	2.19524
3	3.59545	5.00747	2.18343
3.05	3.58033	4.99235	2.16831
3.1	3.56211	4.97413	2.15009
3.15	3.54098	4.953	2.12896
3.2	3.51714	4.92916	2.10512
3.25	3.49078	4.9028	2.07876
3.3	3.46206	4.87408	2.05004
3.35	3.43116	4.84318	2.01914
3.4	3.39824	4.81026	1.98622
3.45	3.36346	4.77548	1.95144
3.5	3.32697	4.73899	1.91495
3.55	3.2889	4.70092	1.87688
3.6	3.2494	4.66142	1.83738
3.65	3.20859	4.62061	1.79657
3.7	3.16661	4.57863	1.75459
3.75	3.12357	4.53559	1.71155
3.8	3.07958	4.4916	1.66756
3.85	3.03476	4.44678	1.62274
3.9	2.98921	4.40123	1.57719
3.95	2.94302	4.35504	1.531
4	2.8963	4.30832	1.48428
4.05	2.84913	4.26115	1.4371
4.1	2.80159	4.21361	1.38957
4.15	2.75376	4.16578	1.34174
4.2	2.70573	4.11775	1.29371
4.25	2.65756	4.06958	1.24554
4.3	2.60931	4.02134	1.19729
4.35	2.56106	3.97308	1.14904
4.4	2.51286	3.92488	1.10084
4.45	2.46476	3.87678	1.05274
4.5	2.41681	3.82883	1.00479
4.55	2.36907	3.78109	0.957047
4.6	2.32157	3.73359	0.909547
4.65	2.27435	3.68637	0.862329
4.7	2.22745	3.63947	0.815431
4.75	2.1809	3.59293	0.768883
4.8	2.13474	3.54676	0.722715
4.85	2.08897	3.50099	0.676953
4.9	2.04364	3.45566	0.631617
4.95	1.99875	3.41077	0.586726
5	1.95432	3.36634	0.542298
5.05	1.91036	3.32239	0.498344
5.1	1.86689	3.27892	0.454873
5.15	1.82391	3.23594	0.411894
5.2	1.78143	3.19345	0.36941
5.25	1.73944	3.15146	0.327422
5.3	1.69795	3.10997	0.28593
5.35	1.65695	3.06897	0.24493
5.4	1.61644	3.02846	0.204415
5.45	1.5764	2.98842	0.164379
5.5	1.53683	2.94885	0.124809
5.55	1.49771	2.90974	0.085694
5.6	1.45904	2.87106	0.047019
5.65	1.42079	2.83281	0.00876758
5.7	1.38294	2.79496	-0.0290786
5.75	1.34548	2.7575	-0.0665394
5.8	1.30838	2.72041	-0.103636
5.85	1.27163	2.68365	-0.140393
5.9	1.23519	2.64721	-0.176832
5.95	1.19904	2.61106	-0.212981
6	1.16315	2.57518	-0.248866
6.05	1.12751	2.53953	-0.284514
6.1	1.09207	2.50409	-0.319955
6.15	1.0568	2.46882	-0.355218
6.2	1.02169	2.43371	-0.390334
6.25	0.986689	2.39871	-0.425332
6.3	0.951775	2.3638	-0.460245
6.35	0.916916	2.32894	-0.495105
6.4	0.882078	2.2941	-0.529942
6.45	0.84723	2.25925	-0.564791
6.5	0.812339	2.22436	-0.599681
6.55	0.777374	2.18939	-0.634647
6.6	0.742301	2.15432	-0.66972
6.65	0.707089	2.11911	-0.704932
6.7	0.671707	2.08373	-0.740313
6.75	0.636124	2.04815	-0.775897
6.8	0.600309	2.01233	-0.811711
6.85	0.564233	1.97625	-0.847788
6.9	0.527866	1.93989	-0.884155
6.95	0.49118	1.9032	-0.920841
7	0.454147	1.86617	-0.957874
7.05	0.416742	1.82876	-0.995279
7.1	0.378938	1.79096	-1.03308
7.15	0.340712	1.75273	-1.07131
7.2	0.30204	1.71406	-1.10998
7.25	0.262901	1.67492	-1.14912
7.3	0.223275	1.6353	-1.18875
7.35	0.183142	1.59516	-1.22888
7.4	0.142484	1.55451	-1.26954
7.45	0.101286	1.51331	-1.31073
7.5	0.0595338	1.47155	-1.35249
7.55	0.0172133	1.42923	-1.39481
7.6	-0.0256863	1.38633	-1.43771
7.65	-0.0691747	1.34285	-1.4812
7.7	-0.11326	1.29876	-1.52528
7.75	-0.157948	1.25407	-1.56997
7.8	-0.203243	1.20878	-1.61526
7.85	-0.249149	1.16287	-1.66117
7.9	-0.295665	1.11636	-1.70769
7.95	-0.342792	1.06923	-1.75481
8	-0.390526	1.02149	-1.80255
8.05	-0.438864	0.973157	-1.85088
8.1	-0.487799	0.924222	-1.89982
8.15	-0.537323	0.874698	-1.94934
8.2	-0.587427	0.824594	-1.99945
8.25	-0.638099	0.773922	-2.05012
8.3	-0.689326	0.722695	-2.10135
8.35	-0.741095	0.670926	-2.15312
8.4	-0.793387	0.618634	-2.20541
8.45	-0.846186	0.565834	-2.25821
8.5	-0.899473	0.512548	-2.31149
8.55	-0.953226	0.458795	-2.36525
8.6	-1.00742	0.404599	-2.41944
8.65	-1.06204	0.349981	-2.47406
8.7	-1.11705	0.294969	-2.52907
8.75	-1.17243	0.239587	-2.58445
8.8	-1.22816	0.183864	-2.64018
8.85	-1.28419	0.127828	-2.69621
8.9	-1.34051	0.0715088	-2.75253
8.95	-1.39708	0.0149365	-2.80911
9	-1.45388	-0.0418569	-2.8659
9.05	-1.51086	-0.0988393	-2.92288
9.1	-1.568	-0.155977	-2.98002
9.15	-1.62526	-0.213238	-3.03728
9.2	-1.68261	-0.270586	-3.09463
9.25	-1.74001	-0.327986	-3.15203
9.3	-1.79743	-0.385405	-3.20945
9.35	-1.85483	-0.442806	-3.26685
9.4	-1.91217	-0.500153	-3.32419
9.45	-1.96943	-0.55741	-3.38145
9.5	-2.02656	-0.614543	-3.43858
9.55	-2.08353	-0.671514	-3.49556
9.6	-2.14031	-0.728288	-3.55233
9.65	-2.19685	-0.78483	-3.60887
9.7	-2.25312	-0.841104	-3.66515
9.75	-2.3091	-0.897075	-3.72112
9.8	-2.36473	-0.95271	-3.77675
9.85	-2.42	-1.00797	-3.83202
9.9	-2.47486	-1.06284	-3.88688
9.95	-2.52928	-1.11726	-3.9413
