0.00000e+00 	 0.00000e+00 
-1.00000e-02 	 -1.12834e-02 
-2.00000e-02 	 -2.25646e-02 
-3.00000e-02 	 -3.38412e-02 
-4.00000e-02 	 -4.51111e-02 
-5.00000e-02 	 -5.63720e-02 
-6.00000e-02 	 -6.76216e-02 
-7.00000e-02 	 -7.88577e-02 
-8.00000e-02 	 -9.00781e-02 
-9.00000e-02 	 -1.01281e-01 
-1.00000e-01 	 -1.12463e-01 
-1.10000e-01 	 -1.23623e-01 
-1.20000e-01 	 -1.34758e-01 
-1.30000e-01 	 -1.45867e-01 
-1.40000e-01 	 -1.56947e-01 
-1.50000e-01 	 -1.67996e-01 
-1.60000e-01 	 -1.79012e-01 
-1.70000e-01 	 -1.89992e-01 
-1.80000e-01 	 -2.00936e-01 
-1.90000e-01 	 -2.11840e-01 
-2.00000e-01 	 -2.22703e-01 
-2.10000e-01 	 -2.33522e-01 
-2.20000e-01 	 -2.44296e-01 
-2.30000e-01 	 -2.55023e-01 
-2.40000e-01 	 -2.65700e-01 
-2.50000e-01 	 -2.76326e-01 
-2.60000e-01 	 -2.86900e-01 
-2.70000e-01 	 -2.97418e-01 
-2.80000e-01 	 -3.07880e-01 
-2.90000e-01 	 -3.18283e-01 
-3.00000e-01 	 -3.28627e-01 
-3.10000e-01 	 -3.38908e-01 
-3.20000e-01 	 -3.49126e-01 
-3.30000e-01 	 -3.59279e-01 
-3.40000e-01 	 -3.69365e-01 
-3.50000e-01 	 -3.79382e-01 
-3.60000e-01 	 -3.89330e-01 
-3.70000e-01 	 -3.99206e-01 
-3.80000e-01 	 -4.09009e-01 
-3.90000e-01 	 -4.18739e-01 
-4.00000e-01 	 -4.28392e-01 
-4.10000e-01 	 -4.37969e-01 
-4.20000e-01 	 -4.47468e-01 
-4.30000e-01 	 -4.56887e-01 
-4.40000e-01 	 -4.66225e-01 
-4.50000e-01 	 -4.75482e-01 
-4.60000e-01 	 -4.84655e-01 
-4.70000e-01 	 -4.93745e-01 
-4.80000e-01 	 -5.02750e-01 
-4.90000e-01 	 -5.11668e-01 
-5.00000e-01 	 -5.20500e-01 
-5.10000e-01 	 -5.29244e-01 
-5.20000e-01 	 -5.37899e-01 
-5.30000e-01 	 -5.46464e-01 
-5.40000e-01 	 -5.54939e-01 
-5.50000e-01 	 -5.63323e-01 
-5.60000e-01 	 -5.71616e-01 
-5.70000e-01 	 -5.79816e-01 
-5.80000e-01 	 -5.87923e-01 
-5.90000e-01 	 -5.95936e-01 
-6.00000e-01 	 -6.03856e-01 
-6.10000e-01 	 -6.11681e-01 
-6.20000e-01 	 -6.19411e-01 
-6.30000e-01 	 -6.27046e-01 
-6.40000e-01 	 -6.34586e-01 
-6.50000e-01 	 -6.42029e-01 
-6.60000e-01 	 -6.49377e-01 
-6.70000e-01 	 -6.56628e-01 
-6.80000e-01 	 -6.63782e-01 
-6.90000e-01 	 -6.70840e-01 
-7.00000e-01 	 -6.77801e-01 
-7.10000e-01 	 -6.84666e-01 
-7.20000e-01 	 -6.91433e-01 
-7.30000e-01 	 -6.98104e-01 
-7.40000e-01 	 -7.04678e-01 
-7.50000e-01 	 -7.11156e-01 
-7.60000e-01 	 -7.17537e-01 
-7.70000e-01 	 -7.23822e-01 
-7.80000e-01 	 -7.30010e-01 
-7.90000e-01 	 -7.36103e-01 
-8.00000e-01 	 -7.42101e-01 
-8.10000e-01 	 -7.48003e-01 
-8.20000e-01 	 -7.53811e-01 
-8.30000e-01 	 -7.59524e-01 
-8.40000e-01 	 -7.65143e-01 
-8.50000e-01 	 -7.70668e-01 
-8.60000e-01 	 -7.76100e-01 
-8.70000e-01 	 -7.81440e-01 
-8.80000e-01 	 -7.86687e-01 
-8.90000e-01 	 -7.91843e-01 
-9.00000e-01 	 -7.96908e-01 
-9.10000e-01 	 -8.01883e-01 
-9.20000e-01 	 -8.06768e-01 
-9.30000e-01 	 -8.11564e-01 
-9.40000e-01 	 -8.16271e-01 
-9.50000e-01 	 -8.20891e-01 
-9.60000e-01 	 -8.25424e-01 
-9.70000e-01 	 -8.29870e-01 
-9.80000e-01 	 -8.34232e-01 
-9.90000e-01 	 -8.38508e-01 
-1.00000e+00 	 -8.42701e-01 
-1.01000e+00 	 -8.46810e-01 
-1.02000e+00 	 -8.50838e-01 
-1.03000e+00 	 -8.54784e-01 
-1.04000e+00 	 -8.58650e-01 
-1.05000e+00 	 -8.62436e-01 
-1.06000e+00 	 -8.66144e-01 
-1.07000e+00 	 -8.69773e-01 
-1.08000e+00 	 -8.73326e-01 
-1.09000e+00 	 -8.76803e-01 
-1.10000e+00 	 -8.80205e-01 
-1.11000e+00 	 -8.83533e-01 
-1.12000e+00 	 -8.86788e-01 
-1.13000e+00 	 -8.89971e-01 
-1.14000e+00 	 -8.93082e-01 
-1.15000e+00 	 -8.96124e-01 
-1.16000e+00 	 -8.99096e-01 
-1.17000e+00 	 -9.02000e-01 
-1.18000e+00 	 -9.04837e-01 
-1.19000e+00 	 -9.07608e-01 
-1.20000e+00 	 -9.10314e-01 
-1.21000e+00 	 -9.12956e-01 
-1.22000e+00 	 -9.15534e-01 
-1.23000e+00 	 -9.18050e-01 
-1.24000e+00 	 -9.20505e-01 
-1.25000e+00 	 -9.22900e-01 
-1.26000e+00 	 -9.25236e-01 
-1.27000e+00 	 -9.27514e-01 
-1.28000e+00 	 -9.29734e-01 
-1.29000e+00 	 -9.31899e-01 
-1.30000e+00 	 -9.34008e-01 
-1.31000e+00 	 -9.36063e-01 
-1.32000e+00 	 -9.38065e-01 
-1.33000e+00 	 -9.40015e-01 
-1.34000e+00 	 -9.41914e-01 
-1.35000e+00 	 -9.43762e-01 
-1.36000e+00 	 -9.45561e-01 
-1.37000e+00 	 -9.47312e-01 
-1.38000e+00 	 -9.49016e-01 
-1.39000e+00 	 -9.50673e-01 
-1.40000e+00 	 -9.52285e-01 
-1.41000e+00 	 -9.53852e-01 
-1.42000e+00 	 -9.55376e-01 
-1.43000e+00 	 -9.56857e-01 
-1.44000e+00 	 -9.58297e-01 
-1.45000e+00 	 -9.59695e-01 
-1.46000e+00 	 -9.61054e-01 
-1.47000e+00 	 -9.62373e-01 
-1.48000e+00 	 -9.63654e-01 
-1.49000e+00 	 -9.64898e-01 
-1.50000e+00 	 -9.66105e-01 
-1.51000e+00 	 -9.67277e-01 
-1.52000e+00 	 -9.68413e-01 
-1.53000e+00 	 -9.69516e-01 
-1.54000e+00 	 -9.70586e-01 
-1.55000e+00 	 -9.71623e-01 
-1.56000e+00 	 -9.72628e-01 
-1.57000e+00 	 -9.73603e-01 
-1.58000e+00 	 -9.74547e-01 
-1.59000e+00 	 -9.75462e-01 
-1.60000e+00 	 -9.76348e-01 
-1.61000e+00 	 -9.77207e-01 
-1.62000e+00 	 -9.78038e-01 
-1.63000e+00 	 -9.78843e-01 
-1.64000e+00 	 -9.79622e-01 
-1.65000e+00 	 -9.80376e-01 
-1.66000e+00 	 -9.81105e-01 
-1.67000e+00 	 -9.81810e-01 
-1.68000e+00 	 -9.82493e-01 
-1.69000e+00 	 -9.83153e-01 
-1.70000e+00 	 -9.83790e-01 
-1.71000e+00 	 -9.84407e-01 
-1.72000e+00 	 -9.85003e-01 
-1.73000e+00 	 -9.85578e-01 
-1.74000e+00 	 -9.86135e-01 
-1.75000e+00 	 -9.86672e-01 
-1.76000e+00 	 -9.87190e-01 
-1.77000e+00 	 -9.87691e-01 
-1.78000e+00 	 -9.88174e-01 
-1.79000e+00 	 -9.88641e-01 
-1.80000e+00 	 -9.89091e-01 
-1.81000e+00 	 -9.89525e-01 
-1.82000e+00 	 -9.89943e-01 
-1.83000e+00 	 -9.90347e-01 
-1.84000e+00 	 -9.90736e-01 
-1.85000e+00 	 -9.91111e-01 
-1.86000e+00 	 -9.91472e-01 
-1.87000e+00 	 -9.91821e-01 
-1.88000e+00 	 -9.92156e-01 
-1.89000e+00 	 -9.92479e-01 
-1.90000e+00 	 -9.92790e-01 
-1.91000e+00 	 -9.93090e-01 
-1.92000e+00 	 -9.93378e-01 
-1.93000e+00 	 -9.93656e-01 
-1.94000e+00 	 -9.93923e-01 
-1.95000e+00 	 -9.94179e-01 
-1.96000e+00 	 -9.94426e-01 
-1.97000e+00 	 -9.94664e-01 
-1.98000e+00 	 -9.94892e-01 
-1.99000e+00 	 -9.95111e-01 
-2.00000e+00 	 -9.95322e-01 
-2.01000e+00 	 -9.95525e-01 
-2.02000e+00 	 -9.95719e-01 
-2.03000e+00 	 -9.95906e-01 
-2.04000e+00 	 -9.96086e-01 
-2.05000e+00 	 -9.96258e-01 
-2.06000e+00 	 -9.96423e-01 
-2.07000e+00 	 -9.96582e-01 
-2.08000e+00 	 -9.96734e-01 
-2.09000e+00 	 -9.96880e-01 
-2.10000e+00 	 -9.97021e-01 
-2.11000e+00 	 -9.97155e-01 
-2.12000e+00 	 -9.97284e-01 
-2.13000e+00 	 -9.97407e-01 
-2.14000e+00 	 -9.97525e-01 
-2.15000e+00 	 -9.97639e-01 
-2.16000e+00 	 -9.97747e-01 
-2.17000e+00 	 -9.97851e-01 
-2.18000e+00 	 -9.97951e-01 
-2.19000e+00 	 -9.98046e-01 
-2.20000e+00 	 -9.98137e-01 
-2.21000e+00 	 -9.98224e-01 
-2.22000e+00 	 -9.98308e-01 
-2.23000e+00 	 -9.98388e-01 
-2.24000e+00 	 -9.98464e-01 
-2.25000e+00 	 -9.98537e-01 
-2.26000e+00 	 -9.98607e-01 
-2.27000e+00 	 -9.98674e-01 
-2.28000e+00 	 -9.98738e-01 
-2.29000e+00 	 -9.98799e-01 
-2.30000e+00 	 -9.98857e-01 
-2.31000e+00 	 -9.98912e-01 
-2.32000e+00 	 -9.98966e-01 
-2.33000e+00 	 -9.99016e-01 
-2.34000e+00 	 -9.99065e-01 
-2.35000e+00 	 -9.99111e-01 
-2.36000e+00 	 -9.99155e-01 
-2.37000e+00 	 -9.99197e-01 
-2.38000e+00 	 -9.99237e-01 
-2.39000e+00 	 -9.99275e-01 
-2.40000e+00 	 -9.99311e-01 
-2.41000e+00 	 -9.99346e-01 
-2.42000e+00 	 -9.99379e-01 
-2.43000e+00 	 -9.99411e-01 
-2.44000e+00 	 -9.99441e-01 
-2.45000e+00 	 -9.99469e-01 
-2.46000e+00 	 -9.99497e-01 
-2.47000e+00 	 -9.99523e-01 
-2.48000e+00 	 -9.99547e-01 
-2.49000e+00 	 -9.99571e-01 
-2.50000e+00 	 -9.99593e-01 
-2.51000e+00 	 -9.99614e-01 
-2.52000e+00 	 -9.99635e-01 
-2.53000e+00 	 -9.99654e-01 
-2.54000e+00 	 -9.99672e-01 
-2.55000e+00 	 -9.99689e-01 
-2.56000e+00 	 -9.99706e-01 
-2.57000e+00 	 -9.99722e-01 
-2.58000e+00 	 -9.99736e-01 
-2.59000e+00 	 -9.99751e-01 
-2.60000e+00 	 -9.99764e-01 
-2.61000e+00 	 -9.99777e-01 
-2.62000e+00 	 -9.99789e-01 
-2.63000e+00 	 -9.99800e-01 
-2.64000e+00 	 -9.99811e-01 
-2.65000e+00 	 -9.99822e-01 
-2.66000e+00 	 -9.99831e-01 
-2.67000e+00 	 -9.99841e-01 
-2.68000e+00 	 -9.99849e-01 
-2.69000e+00 	 -9.99858e-01 
-2.70000e+00 	 -9.99866e-01 
-2.71000e+00 	 -9.99873e-01 
-2.72000e+00 	 -9.99880e-01 
-2.73000e+00 	 -9.99887e-01 
-2.74000e+00 	 -9.99893e-01 
-2.75000e+00 	 -9.99899e-01 
-2.76000e+00 	 -9.99905e-01 
-2.77000e+00 	 -9.99910e-01 
-2.78000e+00 	 -9.99916e-01 
-2.79000e+00 	 -9.99920e-01 
-2.80000e+00 	 -9.99925e-01 
-2.81000e+00 	 -9.99929e-01 
-2.82000e+00 	 -9.99933e-01 
-2.83000e+00 	 -9.99937e-01 
-2.84000e+00 	 -9.99941e-01 
-2.85000e+00 	 -9.99944e-01 
-2.86000e+00 	 -9.99948e-01 
-2.87000e+00 	 -9.99951e-01 
-2.88000e+00 	 -9.99954e-01 
-2.89000e+00 	 -9.99956e-01 
-2.90000e+00 	 -9.99959e-01 
-2.91000e+00 	 -9.99961e-01 
-2.92000e+00 	 -9.99964e-01 
-2.93000e+00 	 -9.99966e-01 
-2.94000e+00 	 -9.99968e-01 
-2.95000e+00 	 -9.99970e-01 
-2.96000e+00 	 -9.99972e-01 
-2.97000e+00 	 -9.99973e-01 
-2.98000e+00 	 -9.99975e-01 
-2.99000e+00 	 -9.99976e-01 
-3.00000e+00 	 -9.99978e-01 
0.00000e+00 	 0.00000e+00 
1.00000e-02 	 1.12834e-02 
2.00000e-02 	 2.25646e-02 
3.00000e-02 	 3.38412e-02 
4.00000e-02 	 4.51111e-02 
5.00000e-02 	 5.63720e-02 
6.00000e-02 	 6.76216e-02 
7.00000e-02 	 7.88577e-02 
8.00000e-02 	 9.00781e-02 
9.00000e-02 	 1.01281e-01 
1.00000e-01 	 1.12463e-01 
1.10000e-01 	 1.23623e-01 
1.20000e-01 	 1.34758e-01 
1.30000e-01 	 1.45867e-01 
1.40000e-01 	 1.56947e-01 
1.50000e-01 	 1.67996e-01 
1.60000e-01 	 1.79012e-01 
1.70000e-01 	 1.89992e-01 
1.80000e-01 	 2.00936e-01 
1.90000e-01 	 2.11840e-01 
2.00000e-01 	 2.22703e-01 
2.10000e-01 	 2.33522e-01 
2.20000e-01 	 2.44296e-01 
2.30000e-01 	 2.55023e-01 
2.40000e-01 	 2.65700e-01 
2.50000e-01 	 2.76326e-01 
2.60000e-01 	 2.86900e-01 
2.70000e-01 	 2.97418e-01 
2.80000e-01 	 3.07880e-01 
2.90000e-01 	 3.18283e-01 
3.00000e-01 	 3.28627e-01 
3.10000e-01 	 3.38908e-01 
3.20000e-01 	 3.49126e-01 
3.30000e-01 	 3.59279e-01 
3.40000e-01 	 3.69365e-01 
3.50000e-01 	 3.79382e-01 
3.60000e-01 	 3.89330e-01 
3.70000e-01 	 3.99206e-01 
3.80000e-01 	 4.09009e-01 
3.90000e-01 	 4.18739e-01 
4.00000e-01 	 4.28392e-01 
4.10000e-01 	 4.37969e-01 
4.20000e-01 	 4.47468e-01 
4.30000e-01 	 4.56887e-01 
4.40000e-01 	 4.66225e-01 
4.50000e-01 	 4.75482e-01 
4.60000e-01 	 4.84655e-01 
4.70000e-01 	 4.93745e-01 
4.80000e-01 	 5.02750e-01 
4.90000e-01 	 5.11668e-01 
5.00000e-01 	 5.20500e-01 
5.10000e-01 	 5.29244e-01 
5.20000e-01 	 5.37899e-01 
5.30000e-01 	 5.46464e-01 
5.40000e-01 	 5.54939e-01 
5.50000e-01 	 5.63323e-01 
5.60000e-01 	 5.71616e-01 
5.70000e-01 	 5.79816e-01 
5.80000e-01 	 5.87923e-01 
5.90000e-01 	 5.95936e-01 
6.00000e-01 	 6.03856e-01 
6.10000e-01 	 6.11681e-01 
6.20000e-01 	 6.19411e-01 
6.30000e-01 	 6.27046e-01 
6.40000e-01 	 6.34586e-01 
6.50000e-01 	 6.42029e-01 
6.60000e-01 	 6.49377e-01 
6.70000e-01 	 6.56628e-01 
6.80000e-01 	 6.63782e-01 
6.90000e-01 	 6.70840e-01 
7.00000e-01 	 6.77801e-01 
7.10000e-01 	 6.84666e-01 
7.20000e-01 	 6.91433e-01 
7.30000e-01 	 6.98104e-01 
7.40000e-01 	 7.04678e-01 
7.50000e-01 	 7.11156e-01 
7.60000e-01 	 7.17537e-01 
7.70000e-01 	 7.23822e-01 
7.80000e-01 	 7.30010e-01 
7.90000e-01 	 7.36103e-01 
8.00000e-01 	 7.42101e-01 
8.10000e-01 	 7.48003e-01 
8.20000e-01 	 7.53811e-01 
8.30000e-01 	 7.59524e-01 
8.40000e-01 	 7.65143e-01 
8.50000e-01 	 7.70668e-01 
8.60000e-01 	 7.76100e-01 
8.70000e-01 	 7.81440e-01 
8.80000e-01 	 7.86687e-01 
8.90000e-01 	 7.91843e-01 
9.00000e-01 	 7.96908e-01 
9.10000e-01 	 8.01883e-01 
9.20000e-01 	 8.06768e-01 
9.30000e-01 	 8.11564e-01 
9.40000e-01 	 8.16271e-01 
9.50000e-01 	 8.20891e-01 
9.60000e-01 	 8.25424e-01 
9.70000e-01 	 8.29870e-01 
9.80000e-01 	 8.34232e-01 
9.90000e-01 	 8.38508e-01 
1.00000e+00 	 8.42701e-01 
1.01000e+00 	 8.46810e-01 
1.02000e+00 	 8.50838e-01 
1.03000e+00 	 8.54784e-01 
1.04000e+00 	 8.58650e-01 
1.05000e+00 	 8.62436e-01 
1.06000e+00 	 8.66144e-01 
1.07000e+00 	 8.69773e-01 
1.08000e+00 	 8.73326e-01 
1.09000e+00 	 8.76803e-01 
1.10000e+00 	 8.80205e-01 
1.11000e+00 	 8.83533e-01 
1.12000e+00 	 8.86788e-01 
1.13000e+00 	 8.89971e-01 
1.14000e+00 	 8.93082e-01 
1.15000e+00 	 8.96124e-01 
1.16000e+00 	 8.99096e-01 
1.17000e+00 	 9.02000e-01 
1.18000e+00 	 9.04837e-01 
1.19000e+00 	 9.07608e-01 
1.20000e+00 	 9.10314e-01 
1.21000e+00 	 9.12956e-01 
1.22000e+00 	 9.15534e-01 
1.23000e+00 	 9.18050e-01 
1.24000e+00 	 9.20505e-01 
1.25000e+00 	 9.22900e-01 
1.26000e+00 	 9.25236e-01 
1.27000e+00 	 9.27514e-01 
1.28000e+00 	 9.29734e-01 
1.29000e+00 	 9.31899e-01 
1.30000e+00 	 9.34008e-01 
1.31000e+00 	 9.36063e-01 
1.32000e+00 	 9.38065e-01 
1.33000e+00 	 9.40015e-01 
1.34000e+00 	 9.41914e-01 
1.35000e+00 	 9.43762e-01 
1.36000e+00 	 9.45561e-01 
1.37000e+00 	 9.47312e-01 
1.38000e+00 	 9.49016e-01 
1.39000e+00 	 9.50673e-01 
1.40000e+00 	 9.52285e-01 
1.41000e+00 	 9.53852e-01 
1.42000e+00 	 9.55376e-01 
1.43000e+00 	 9.56857e-01 
1.44000e+00 	 9.58297e-01 
1.45000e+00 	 9.59695e-01 
1.46000e+00 	 9.61054e-01 
1.47000e+00 	 9.62373e-01 
1.48000e+00 	 9.63654e-01 
1.49000e+00 	 9.64898e-01 
1.50000e+00 	 9.66105e-01 
1.51000e+00 	 9.67277e-01 
1.52000e+00 	 9.68413e-01 
1.53000e+00 	 9.69516e-01 
1.54000e+00 	 9.70586e-01 
1.55000e+00 	 9.71623e-01 
1.56000e+00 	 9.72628e-01 
1.57000e+00 	 9.73603e-01 
1.58000e+00 	 9.74547e-01 
1.59000e+00 	 9.75462e-01 
1.60000e+00 	 9.76348e-01 
1.61000e+00 	 9.77207e-01 
1.62000e+00 	 9.78038e-01 
1.63000e+00 	 9.78843e-01 
1.64000e+00 	 9.79622e-01 
1.65000e+00 	 9.80376e-01 
1.66000e+00 	 9.81105e-01 
1.67000e+00 	 9.81810e-01 
1.68000e+00 	 9.82493e-01 
1.69000e+00 	 9.83153e-01 
1.70000e+00 	 9.83790e-01 
1.71000e+00 	 9.84407e-01 
1.72000e+00 	 9.85003e-01 
1.73000e+00 	 9.85578e-01 
1.74000e+00 	 9.86135e-01 
1.75000e+00 	 9.86672e-01 
1.76000e+00 	 9.87190e-01 
1.77000e+00 	 9.87691e-01 
1.78000e+00 	 9.88174e-01 
1.79000e+00 	 9.88641e-01 
1.80000e+00 	 9.89091e-01 
1.81000e+00 	 9.89525e-01 
1.82000e+00 	 9.89943e-01 
1.83000e+00 	 9.90347e-01 
1.84000e+00 	 9.90736e-01 
1.85000e+00 	 9.91111e-01 
1.86000e+00 	 9.91472e-01 
1.87000e+00 	 9.91821e-01 
1.88000e+00 	 9.92156e-01 
1.89000e+00 	 9.92479e-01 
1.90000e+00 	 9.92790e-01 
1.91000e+00 	 9.93090e-01 
1.92000e+00 	 9.93378e-01 
1.93000e+00 	 9.93656e-01 
1.94000e+00 	 9.93923e-01 
1.95000e+00 	 9.94179e-01 
1.96000e+00 	 9.94426e-01 
1.97000e+00 	 9.94664e-01 
1.98000e+00 	 9.94892e-01 
1.99000e+00 	 9.95111e-01 
2.00000e+00 	 9.95322e-01 
2.01000e+00 	 9.95525e-01 
2.02000e+00 	 9.95719e-01 
2.03000e+00 	 9.95906e-01 
2.04000e+00 	 9.96086e-01 
2.05000e+00 	 9.96258e-01 
2.06000e+00 	 9.96423e-01 
2.07000e+00 	 9.96582e-01 
2.08000e+00 	 9.96734e-01 
2.09000e+00 	 9.96880e-01 
2.10000e+00 	 9.97021e-01 
2.11000e+00 	 9.97155e-01 
2.12000e+00 	 9.97284e-01 
2.13000e+00 	 9.97407e-01 
2.14000e+00 	 9.97525e-01 
2.15000e+00 	 9.97639e-01 
2.16000e+00 	 9.97747e-01 
2.17000e+00 	 9.97851e-01 
2.18000e+00 	 9.97951e-01 
2.19000e+00 	 9.98046e-01 
2.20000e+00 	 9.98137e-01 
2.21000e+00 	 9.98224e-01 
2.22000e+00 	 9.98308e-01 
2.23000e+00 	 9.98388e-01 
2.24000e+00 	 9.98464e-01 
2.25000e+00 	 9.98537e-01 
2.26000e+00 	 9.98607e-01 
2.27000e+00 	 9.98674e-01 
2.28000e+00 	 9.98738e-01 
2.29000e+00 	 9.98799e-01 
2.30000e+00 	 9.98857e-01 
2.31000e+00 	 9.98912e-01 
2.32000e+00 	 9.98966e-01 
2.33000e+00 	 9.99016e-01 
2.34000e+00 	 9.99065e-01 
2.35000e+00 	 9.99111e-01 
2.36000e+00 	 9.99155e-01 
2.37000e+00 	 9.99197e-01 
2.38000e+00 	 9.99237e-01 
2.39000e+00 	 9.99275e-01 
2.40000e+00 	 9.99311e-01 
2.41000e+00 	 9.99346e-01 
2.42000e+00 	 9.99379e-01 
2.43000e+00 	 9.99411e-01 
2.44000e+00 	 9.99441e-01 
2.45000e+00 	 9.99469e-01 
2.46000e+00 	 9.99497e-01 
2.47000e+00 	 9.99523e-01 
2.48000e+00 	 9.99547e-01 
2.49000e+00 	 9.99571e-01 
2.50000e+00 	 9.99593e-01 
2.51000e+00 	 9.99614e-01 
2.52000e+00 	 9.99635e-01 
2.53000e+00 	 9.99654e-01 
2.54000e+00 	 9.99672e-01 
2.55000e+00 	 9.99689e-01 
2.56000e+00 	 9.99706e-01 
2.57000e+00 	 9.99722e-01 
2.58000e+00 	 9.99736e-01 
2.59000e+00 	 9.99751e-01 
2.60000e+00 	 9.99764e-01 
2.61000e+00 	 9.99777e-01 
2.62000e+00 	 9.99789e-01 
2.63000e+00 	 9.99800e-01 
2.64000e+00 	 9.99811e-01 
2.65000e+00 	 9.99822e-01 
2.66000e+00 	 9.99831e-01 
2.67000e+00 	 9.99841e-01 
2.68000e+00 	 9.99849e-01 
2.69000e+00 	 9.99858e-01 
2.70000e+00 	 9.99866e-01 
2.71000e+00 	 9.99873e-01 
2.72000e+00 	 9.99880e-01 
2.73000e+00 	 9.99887e-01 
2.74000e+00 	 9.99893e-01 
2.75000e+00 	 9.99899e-01 
2.76000e+00 	 9.99905e-01 
2.77000e+00 	 9.99910e-01 
2.78000e+00 	 9.99916e-01 
2.79000e+00 	 9.99920e-01 
2.80000e+00 	 9.99925e-01 
2.81000e+00 	 9.99929e-01 
2.82000e+00 	 9.99933e-01 
2.83000e+00 	 9.99937e-01 
2.84000e+00 	 9.99941e-01 
2.85000e+00 	 9.99944e-01 
2.86000e+00 	 9.99948e-01 
2.87000e+00 	 9.99951e-01 
2.88000e+00 	 9.99954e-01 
2.89000e+00 	 9.99956e-01 
2.90000e+00 	 9.99959e-01 
2.91000e+00 	 9.99961e-01 
2.92000e+00 	 9.99964e-01 
2.93000e+00 	 9.99966e-01 
2.94000e+00 	 9.99968e-01 
2.95000e+00 	 9.99970e-01 
2.96000e+00 	 9.99972e-01 
2.97000e+00 	 9.99973e-01 
2.98000e+00 	 9.99975e-01 
2.99000e+00 	 9.99976e-01 
3.00000e+00 	 9.99978e-01 
