0.01 	 17.6794
0.02 	 8.84237
0.03 	 5.89786
0.04 	 4.42649
0.05 	 3.54437
0.06 	 2.95688
0.07 	 2.53776
0.08 	 2.22385
0.09 	 1.9801
0.1 	 1.78544
0.11 	 1.62651
0.12 	 1.49435
0.13 	 1.3828
0.14 	 1.28744
0.15 	 1.20503
0.16 	 1.13314
0.17 	 1.06991
0.18 	 1.01391
0.19 	 0.963991
0.2 	 0.919239
0.21 	 0.878917
0.22 	 0.842421
0.23 	 0.809253
0.24 	 0.778996
0.25 	 0.751301
0.26 	 0.725872
0.27 	 0.702458
0.28 	 0.680843
0.29 	 0.66084
0.3 	 0.642289
0.31 	 0.625048
0.32 	 0.608996
0.33 	 0.594023
0.34 	 0.580036
0.35 	 0.566948
0.36 	 0.554686
0.37 	 0.543182
0.38 	 0.532377
0.39 	 0.522216
0.4 	 0.512652
0.41 	 0.503641
0.42 	 0.495143
0.43 	 0.487123
0.44 	 0.479547
0.45 	 0.472387
0.46 	 0.465614
0.47 	 0.459206
0.48 	 0.453138
0.49 	 0.447389
0.5 	 0.441942
0.51 	 0.436777
0.52 	 0.431879
0.53 	 0.427233
0.54 	 0.422824
0.55 	 0.418639
0.56 	 0.414668
0.57 	 0.410897
0.58 	 0.407318
0.59 	 0.40392
0.6 	 0.400694
0.61 	 0.397632
0.62 	 0.394725
0.63 	 0.391967
0.64 	 0.389351
0.65 	 0.386869
0.66 	 0.384516
0.67 	 0.382286
0.68 	 0.380174
0.69 	 0.378174
0.7 	 0.376282
0.71 	 0.374493
0.72 	 0.372802
0.73 	 0.371207
0.74 	 0.369702
0.75 	 0.368285
0.76 	 0.366951
0.77 	 0.365698
0.78 	 0.364523
0.79 	 0.363422
0.8 	 0.362392
0.81 	 0.361432
0.82 	 0.360538
0.83 	 0.359709
0.84 	 0.358941
0.85 	 0.358233
0.86 	 0.357582
0.87 	 0.356987
0.88 	 0.356446
0.89 	 0.355957
0.9 	 0.355518
0.91 	 0.355127
0.92 	 0.354783
0.93 	 0.354485
0.94 	 0.35423
0.95 	 0.354019
0.96 	 0.353848
0.97 	 0.353717
0.98 	 0.353626
0.99 	 0.353571
1 	 0.353553
1.01 	 0.353571
1.02 	 0.353623
1.03 	 0.353708
1.04 	 0.353825
1.05 	 0.353974
1.06 	 0.354154
1.07 	 0.354363
1.08 	 0.354601
1.09 	 0.354867
1.1 	 0.35516
1.11 	 0.35548
1.12 	 0.355826
1.13 	 0.356197
1.14 	 0.356593
1.15 	 0.357012
1.16 	 0.357455
1.17 	 0.35792
1.18 	 0.358407
1.19 	 0.358916
1.2 	 0.359446
1.21 	 0.359996
1.22 	 0.360566
1.23 	 0.361156
1.24 	 0.361765
1.25 	 0.362392
1.26 	 0.363038
1.27 	 0.363701
1.28 	 0.364381
1.29 	 0.365078
1.3 	 0.365792
1.31 	 0.366522
1.32 	 0.367267
1.33 	 0.368028
1.34 	 0.368804
1.35 	 0.369594
1.36 	 0.370399
1.37 	 0.371218
1.38 	 0.372051
1.39 	 0.372897
1.4 	 0.373756
1.41 	 0.374629
1.42 	 0.375514
1.43 	 0.376411
1.44 	 0.37732
1.45 	 0.378241
1.46 	 0.379174
1.47 	 0.380118
1.48 	 0.381073
1.49 	 0.382039
1.5 	 0.383016
1.51 	 0.384003
1.52 	 0.385001
1.53 	 0.386009
1.54 	 0.387026
1.55 	 0.388053
1.56 	 0.38909
1.57 	 0.390136
1.58 	 0.391191
1.59 	 0.392255
1.6 	 0.393328
1.61 	 0.39441
1.62 	 0.3955
1.63 	 0.396598
1.64 	 0.397704
1.65 	 0.398819
1.66 	 0.399941
1.67 	 0.401071
1.68 	 0.402209
1.69 	 0.403354
1.7 	 0.404507
1.71 	 0.405666
1.72 	 0.406833
1.73 	 0.408007
1.74 	 0.409187
1.75 	 0.410374
1.76 	 0.411568
1.77 	 0.412769
1.78 	 0.413975
1.79 	 0.415188
1.8 	 0.416407
1.81 	 0.417633
1.82 	 0.418864
1.83 	 0.420101
1.84 	 0.421343
1.85 	 0.422592
1.86 	 0.423846
1.87 	 0.425105
1.88 	 0.42637
1.89 	 0.427641
1.9 	 0.428916
1.91 	 0.430197
1.92 	 0.431482
1.93 	 0.432773
1.94 	 0.434069
1.95 	 0.435369
1.96 	 0.436675
1.97 	 0.437984
1.98 	 0.439299
1.99 	 0.440618
2 	 0.441942
2.01 	 0.44327
2.02 	 0.444602
2.03 	 0.445939
2.04 	 0.44728
2.05 	 0.448625
2.06 	 0.449974
2.07 	 0.451327
2.08 	 0.452684
2.09 	 0.454045
2.1 	 0.45541
2.11 	 0.456779
2.12 	 0.458152
2.13 	 0.459528
2.14 	 0.460908
2.15 	 0.462292
2.16 	 0.463679
2.17 	 0.465069
2.18 	 0.466463
2.19 	 0.467861
2.2 	 0.469262
2.21 	 0.470666
2.22 	 0.472073
2.23 	 0.473484
2.24 	 0.474898
2.25 	 0.476315
2.26 	 0.477735
2.27 	 0.479158
2.28 	 0.480585
2.29 	 0.482014
2.3 	 0.483446
2.31 	 0.484881
2.32 	 0.486319
2.33 	 0.48776
2.34 	 0.489203
2.35 	 0.490649
2.36 	 0.492098
2.37 	 0.49355
2.38 	 0.495004
2.39 	 0.496461
2.4 	 0.497921
2.41 	 0.499383
2.42 	 0.500848
2.43 	 0.502315
2.44 	 0.503785
2.45 	 0.505257
2.46 	 0.506731
2.47 	 0.508208
2.48 	 0.509687
2.49 	 0.511169
2.5 	 0.512652
2.51 	 0.514138
2.52 	 0.515627
2.53 	 0.517117
2.54 	 0.51861
2.55 	 0.520105
2.56 	 0.521602
2.57 	 0.523101
2.58 	 0.524602
2.59 	 0.526105
2.6 	 0.52761
2.61 	 0.529118
2.62 	 0.530627
2.63 	 0.532138
2.64 	 0.533651
2.65 	 0.535166
2.66 	 0.536683
2.67 	 0.538202
2.68 	 0.539723
2.69 	 0.541246
2.7 	 0.54277
2.71 	 0.544296
2.72 	 0.545824
2.73 	 0.547354
2.74 	 0.548885
2.75 	 0.550418
2.76 	 0.551953
2.77 	 0.55349
2.78 	 0.555028
2.79 	 0.556568
2.8 	 0.558109
2.81 	 0.559652
2.82 	 0.561197
2.83 	 0.562743
2.84 	 0.564291
2.85 	 0.56584
2.86 	 0.567391
2.87 	 0.568944
2.88 	 0.570498
2.89 	 0.572053
2.9 	 0.57361
2.91 	 0.575168
2.92 	 0.576728
2.93 	 0.578289
2.94 	 0.579852
2.95 	 0.581416
2.96 	 0.582981
2.97 	 0.584548
2.98 	 0.586116
2.99 	 0.587685
3 	 0.589256
3.01 	 0.590828
3.02 	 0.592401
3.03 	 0.593976
3.04 	 0.595551
3.05 	 0.597128
3.06 	 0.598707
3.07 	 0.600286
3.08 	 0.601867
3.09 	 0.603449
3.1 	 0.605032
3.11 	 0.606617
3.12 	 0.608202
3.13 	 0.609789
3.14 	 0.611377
3.15 	 0.612966
3.16 	 0.614556
3.17 	 0.616148
3.18 	 0.61774
3.19 	 0.619334
3.2 	 0.620928
3.21 	 0.622524
3.22 	 0.624121
3.23 	 0.625718
3.24 	 0.627317
3.25 	 0.628917
3.26 	 0.630518
3.27 	 0.63212
3.28 	 0.633723
3.29 	 0.635327
3.3 	 0.636932
3.31 	 0.638538
3.32 	 0.640145
3.33 	 0.641752
3.34 	 0.643361
3.35 	 0.644971
3.36 	 0.646582
3.37 	 0.648193
3.38 	 0.649806
3.39 	 0.65142
3.4 	 0.653034
3.41 	 0.654649
3.42 	 0.656265
3.43 	 0.657882
3.44 	 0.6595
3.45 	 0.661119
3.46 	 0.662739
3.47 	 0.664359
3.48 	 0.665981
3.49 	 0.667603
3.5 	 0.669226
3.51 	 0.67085
3.52 	 0.672475
3.53 	 0.6741
3.54 	 0.675726
3.55 	 0.677354
3.56 	 0.678981
3.57 	 0.68061
3.58 	 0.68224
3.59 	 0.68387
3.6 	 0.685501
3.61 	 0.687132
3.62 	 0.688765
3.63 	 0.690398
3.64 	 0.692032
3.65 	 0.693667
3.66 	 0.695302
3.67 	 0.696939
3.68 	 0.698575
3.69 	 0.700213
3.7 	 0.701851
3.71 	 0.70349
3.72 	 0.70513
3.73 	 0.70677
3.74 	 0.708411
3.75 	 0.710053
3.76 	 0.711695
3.77 	 0.713339
3.78 	 0.714982
3.79 	 0.716627
3.8 	 0.718272
3.81 	 0.719917
3.82 	 0.721564
3.83 	 0.723211
3.84 	 0.724858
3.85 	 0.726506
3.86 	 0.728155
3.87 	 0.729805
3.88 	 0.731455
3.89 	 0.733105
3.9 	 0.734756
3.91 	 0.736408
3.92 	 0.738061
3.93 	 0.739714
3.94 	 0.741367
3.95 	 0.743022
3.96 	 0.744676
3.97 	 0.746332
3.98 	 0.747988
3.99 	 0.749644
4 	 0.751301
