-10 	 0.0402412 	 -0.31468
-9.98 	 0.0600729 	 -0.311664
-9.96 	 0.0796648 	 -0.307405
-9.94 	 0.0989395 	 -0.301922
-9.92 	 0.117821 	 -0.295238
-9.9 	 0.136235 	 -0.287384
-9.88 	 0.15411 	 -0.278391
-9.86 	 0.171376 	 -0.268299
-9.84 	 0.187966 	 -0.257149
-9.82 	 0.203817 	 -0.244987
-9.8 	 0.218867 	 -0.231863
-9.78 	 0.23306 	 -0.217831
-9.76 	 0.246342 	 -0.202946
-9.74 	 0.258662 	 -0.18727
-9.72 	 0.269974 	 -0.170864
-9.7 	 0.280238 	 -0.153794
-9.68 	 0.289414 	 -0.136128
-9.66 	 0.29747 	 -0.117934
-9.64 	 0.304377 	 -0.0992852
-9.62 	 0.310111 	 -0.0802534
-9.6 	 0.314652 	 -0.0609129
-9.58 	 0.317985 	 -0.0413386
-9.56 	 0.320099 	 -0.0216058
-9.54 	 0.320991 	 -0.00179042
-9.52 	 0.320657 	 0.0180318
-9.5 	 0.319103 	 0.0377854
-9.48 	 0.316337 	 0.0573955
-9.46 	 0.312372 	 0.0767881
-9.44 	 0.307225 	 0.0958902
-9.42 	 0.300918 	 0.11463
-9.4 	 0.293478 	 0.132939
-9.38 	 0.284934 	 0.150747
-9.36 	 0.275322 	 0.167991
-9.34 	 0.264679 	 0.184605
-9.32 	 0.253048 	 0.200531
-9.3 	 0.240474 	 0.215708
-9.28 	 0.227005 	 0.230084
-9.26 	 0.212694 	 0.243606
-9.24 	 0.197596 	 0.256226
-9.22 	 0.181767 	 0.267899
-9.2 	 0.165268 	 0.278584
-9.18 	 0.148161 	 0.288245
-9.16 	 0.13051 	 0.296847
-9.14 	 0.112381 	 0.304362
-9.12 	 0.0938418 	 0.310765
-9.1 	 0.0749599 	 0.316035
-9.08 	 0.0558052 	 0.320154
-9.06 	 0.0364479 	 0.323111
-9.04 	 0.0169584 	 0.324898
-9.02 	 -0.0025923 	 0.325509
-9 	 -0.0221337 	 0.324947
-8.98 	 -0.0415955 	 0.323216
-8.96 	 -0.060908 	 0.320323
-8.94 	 -0.0800022 	 0.316283
-8.92 	 -0.0988105 	 0.311113
-8.9 	 -0.117266 	 0.304832
-8.88 	 -0.135305 	 0.297467
-8.86 	 -0.152863 	 0.289046
-8.84 	 -0.169879 	 0.2796
-8.82 	 -0.186295 	 0.269166
-8.8 	 -0.202054 	 0.257782
-8.78 	 -0.217102 	 0.245492
-8.76 	 -0.231388 	 0.232339
-8.74 	 -0.244863 	 0.218373
-8.72 	 -0.257483 	 0.203643
-8.7 	 -0.269205 	 0.188204
-8.68 	 -0.27999 	 0.172109
-8.66 	 -0.289803 	 0.155417
-8.64 	 -0.298613 	 0.138187
-8.62 	 -0.306391 	 0.120479
-8.6 	 -0.313112 	 0.102356
-8.58 	 -0.318758 	 0.0838815
-8.56 	 -0.323309 	 0.0651187
-8.54 	 -0.326754 	 0.046133
-8.52 	 -0.329083 	 0.0269897
-8.5 	 -0.33029 	 0.00775444
-8.48 	 -0.330375 	 -0.0115072
-8.46 	 -0.32934 	 -0.0307299
-8.44 	 -0.32719 	 -0.0498486
-8.42 	 -0.323937 	 -0.0687991
-8.4 	 -0.319592 	 -0.087518
-8.38 	 -0.314174 	 -0.105943
-8.36 	 -0.307703 	 -0.124013
-8.34 	 -0.300204 	 -0.141668
-8.32 	 -0.291703 	 -0.158851
-8.3 	 -0.282232 	 -0.175506
-8.28 	 -0.271824 	 -0.191578
-8.26 	 -0.260516 	 -0.207015
-8.24 	 -0.248347 	 -0.221769
-8.22 	 -0.23536 	 -0.235792
-8.2 	 -0.221599 	 -0.24904
-8.18 	 -0.207112 	 -0.261472
-8.16 	 -0.191947 	 -0.273048
-8.14 	 -0.176156 	 -0.283733
-8.12 	 -0.159792 	 -0.293495
-8.1 	 -0.142908 	 -0.302303
-8.08 	 -0.125562 	 -0.310133
-8.06 	 -0.10781 	 -0.31696
-8.04 	 -0.08971 	 -0.322766
-8.02 	 -0.0713219 	 -0.327534
-8 	 -0.0527051 	 -0.331252
-7.98 	 -0.0339196 	 -0.333909
-7.96 	 -0.0150258 	 -0.335502
-7.94 	 0.00391581 	 -0.336026
-7.92 	 0.022845 	 -0.335484
-7.9 	 0.0417019 	 -0.333879
-7.88 	 0.060427 	 -0.331219
-7.86 	 0.0789618 	 -0.327515
-7.84 	 0.0972484 	 -0.322782
-7.82 	 0.11523 	 -0.317037
-7.8 	 0.132852 	 -0.310301
-7.78 	 0.150059 	 -0.302596
-7.76 	 0.166799 	 -0.29395
-7.74 	 0.183021 	 -0.284392
-7.72 	 0.198678 	 -0.273954
-7.7 	 0.21372 	 -0.26267
-7.68 	 0.228105 	 -0.250577
-7.66 	 0.241789 	 -0.237715
-7.64 	 0.254733 	 -0.224124
-7.62 	 0.266898 	 -0.209849
-7.6 	 0.27825 	 -0.194934
-7.58 	 0.288757 	 -0.179426
-7.56 	 0.298388 	 -0.163375
-7.54 	 0.307117 	 -0.14683
-7.52 	 0.31492 	 -0.129842
-7.5 	 0.321776 	 -0.112463
-7.48 	 0.327667 	 -0.0947477
-7.46 	 0.332577 	 -0.0767485
-7.44 	 0.336496 	 -0.0585203
-7.42 	 0.339413 	 -0.0401179
-7.4 	 0.341324 	 -0.0215965
-7.38 	 0.342224 	 -0.00301117
-7.36 	 0.342114 	 0.0155831
-7.34 	 0.340998 	 0.0341315
-7.32 	 0.33888 	 0.0525798
-7.3 	 0.33577 	 0.0708741
-7.28 	 0.331681 	 0.0889616
-7.26 	 0.326625 	 0.10679
-7.24 	 0.320621 	 0.124309
-7.22 	 0.313689 	 0.141467
-7.2 	 0.305852 	 0.158217
-7.18 	 0.297133 	 0.174512
-7.16 	 0.287561 	 0.190306
-7.14 	 0.277166 	 0.205554
-7.12 	 0.26598 	 0.220216
-7.1 	 0.254036 	 0.234251
-7.08 	 0.241371 	 0.247621
-7.06 	 0.228023 	 0.260289
-7.04 	 0.21403 	 0.272223
-7.02 	 0.199436 	 0.28339
-7 	 0.184281 	 0.293762
-6.98 	 0.16861 	 0.303312
-6.96 	 0.152469 	 0.312014
-6.94 	 0.135903 	 0.319849
-6.92 	 0.11896 	 0.326795
-6.9 	 0.101688 	 0.332838
-6.88 	 0.0841352 	 0.337962
-6.86 	 0.0663509 	 0.342156
-6.84 	 0.0483846 	 0.345411
-6.82 	 0.0302859 	 0.347722
-6.8 	 0.0121045 	 0.349084
-6.78 	 -0.00610976 	 0.349497
-6.76 	 -0.0243075 	 0.348962
-6.74 	 -0.0424396 	 0.347484
-6.72 	 -0.0604572 	 0.34507
-6.7 	 -0.0783125 	 0.341728
-6.68 	 -0.0959579 	 0.33747
-6.66 	 -0.113347 	 0.332311
-6.64 	 -0.130434 	 0.326267
-6.62 	 -0.147175 	 0.319356
-6.6 	 -0.163526 	 0.3116
-6.58 	 -0.179446 	 0.303021
-6.56 	 -0.194894 	 0.293645
-6.54 	 -0.20983 	 0.283499
-6.52 	 -0.224217 	 0.272611
-6.5 	 -0.23802 	 0.261013
-6.48 	 -0.251204 	 0.248736
-6.46 	 -0.263738 	 0.235814
-6.44 	 -0.27559 	 0.222283
-6.42 	 -0.286732 	 0.208179
-6.4 	 -0.297138 	 0.193541
-6.38 	 -0.306783 	 0.178408
-6.36 	 -0.315646 	 0.162819
-6.34 	 -0.323706 	 0.146817
-6.32 	 -0.330945 	 0.130442
-6.3 	 -0.337348 	 0.113737
-6.28 	 -0.3429 	 0.0967457
-6.26 	 -0.347592 	 0.0795114
-6.24 	 -0.351414 	 0.0620781
-6.22 	 -0.354358 	 0.0444898
-6.2 	 -0.356421 	 0.0267908
-6.18 	 -0.3576 	 0.00902537
-6.16 	 -0.357896 	 -0.0087624
-6.14 	 -0.35731 	 -0.0265286
-6.12 	 -0.355846 	 -0.0442297
-6.1 	 -0.353512 	 -0.0618225
-6.08 	 -0.350315 	 -0.0792646
-6.06 	 -0.346266 	 -0.096514
-6.04 	 -0.341378 	 -0.113529
-6.02 	 -0.335666 	 -0.130271
-6 	 -0.329145 	 -0.146698
-5.98 	 -0.321835 	 -0.162774
-5.96 	 -0.313755 	 -0.17846
-5.94 	 -0.304927 	 -0.193722
-5.92 	 -0.295374 	 -0.208522
-5.9 	 -0.285123 	 -0.22283
-5.88 	 -0.274198 	 -0.236611
-5.86 	 -0.262629 	 -0.249836
-5.84 	 -0.250444 	 -0.262476
-5.82 	 -0.237675 	 -0.274503
-5.8 	 -0.224352 	 -0.28589
-5.78 	 -0.210509 	 -0.296615
-5.76 	 -0.196179 	 -0.306654
-5.74 	 -0.181397 	 -0.315986
-5.72 	 -0.166199 	 -0.324594
-5.7 	 -0.15062 	 -0.332458
-5.68 	 -0.134698 	 -0.339565
-5.66 	 -0.11847 	 -0.345901
-5.64 	 -0.101974 	 -0.351453
-5.62 	 -0.0852484 	 -0.356213
-5.6 	 -0.0683307 	 -0.360172
-5.58 	 -0.05126 	 -0.363325
-5.56 	 -0.0340748 	 -0.365667
-5.54 	 -0.0168139 	 -0.367195
-5.52 	 0.000484365 	 -0.36791
-5.5 	 0.0177815 	 -0.367813
-5.48 	 0.0350396 	 -0.366907
-5.46 	 0.0522209 	 -0.365197
-5.44 	 0.0692883 	 -0.36269
-5.42 	 0.0862048 	 -0.359393
-5.4 	 0.102935 	 -0.355317
-5.38 	 0.119442 	 -0.350474
-5.36 	 0.135693 	 -0.344877
-5.34 	 0.151652 	 -0.33854
-5.32 	 0.167288 	 -0.331481
-5.3 	 0.182568 	 -0.323716
-5.28 	 0.197461 	 -0.315265
-5.26 	 0.211937 	 -0.306148
-5.24 	 0.225967 	 -0.296388
-5.22 	 0.239524 	 -0.286006
-5.2 	 0.25258 	 -0.275027
-5.18 	 0.265112 	 -0.263476
-5.16 	 0.277094 	 -0.251379
-5.14 	 0.288504 	 -0.238764
-5.12 	 0.299322 	 -0.225658
-5.1 	 0.309526 	 -0.212089
-5.08 	 0.319099 	 -0.198088
-5.06 	 0.328024 	 -0.183685
-5.04 	 0.336285 	 -0.168909
-5.02 	 0.343868 	 -0.153794
-5 	 0.350761 	 -0.138369
-4.98 	 0.356952 	 -0.122668
-4.96 	 0.362433 	 -0.106722
-4.94 	 0.367195 	 -0.0905651
-4.92 	 0.371231 	 -0.0742289
-4.9 	 0.374536 	 -0.0577466
-4.88 	 0.377108 	 -0.0411511
-4.86 	 0.378944 	 -0.0244752
-4.84 	 0.380043 	 -0.00775181
-4.82 	 0.380406 	 0.00898664
-4.8 	 0.380037 	 0.0257078
-4.78 	 0.378937 	 0.0423796
-4.76 	 0.377114 	 0.0589704
-4.74 	 0.374572 	 0.075449
-4.72 	 0.37132 	 0.0917846
-4.7 	 0.367367 	 0.107947
-4.68 	 0.362724 	 0.123906
-4.66 	 0.357402 	 0.139634
-4.64 	 0.351414 	 0.155101
-4.62 	 0.344773 	 0.170281
-4.6 	 0.337496 	 0.185146
-4.58 	 0.329598 	 0.19967
-4.56 	 0.321096 	 0.213829
-4.54 	 0.312008 	 0.227597
-4.52 	 0.302354 	 0.240953
-4.5 	 0.292153 	 0.253873
-4.48 	 0.281426 	 0.266336
-4.46 	 0.270195 	 0.278321
-4.44 	 0.258482 	 0.289811
-4.42 	 0.246311 	 0.300786
-4.4 	 0.233703 	 0.311229
-4.38 	 0.220685 	 0.321124
-4.36 	 0.20728 	 0.330457
-4.34 	 0.193513 	 0.339214
-4.32 	 0.17941 	 0.347381
-4.3 	 0.164998 	 0.354949
-4.28 	 0.150301 	 0.361906
-4.26 	 0.135348 	 0.368244
-4.24 	 0.120164 	 0.373955
-4.22 	 0.104776 	 0.379031
-4.2 	 0.0892108 	 0.383467
-4.18 	 0.073496 	 0.38726
-4.16 	 0.0576584 	 0.390405
-4.14 	 0.0417248 	 0.3929
-4.12 	 0.0257221 	 0.394745
-4.1 	 0.00967698 	 0.39594
-4.08 	 -0.00638401 	 0.396485
-4.06 	 -0.0224346 	 0.396383
-4.04 	 -0.0384488 	 0.395638
-4.02 	 -0.0544009 	 0.394253
-4 	 -0.0702655 	 0.392235
-3.98 	 -0.0860178 	 0.389589
-3.96 	 -0.101633 	 0.386323
-3.94 	 -0.117088 	 0.382445
-3.92 	 -0.132357 	 0.377964
-3.9 	 -0.14742 	 0.372891
-3.88 	 -0.162252 	 0.367236
-3.86 	 -0.176833 	 0.361011
-3.84 	 -0.191141 	 0.354229
-3.82 	 -0.205155 	 0.346903
-3.8 	 -0.218856 	 0.339046
-3.78 	 -0.232224 	 0.330675
-3.76 	 -0.245241 	 0.321804
-3.74 	 -0.25789 	 0.312448
-3.72 	 -0.270152 	 0.302626
-3.7 	 -0.282013 	 0.292353
-3.68 	 -0.293456 	 0.281647
-3.66 	 -0.304468 	 0.270527
-3.64 	 -0.315034 	 0.259011
-3.62 	 -0.325141 	 0.247117
-3.6 	 -0.334777 	 0.234866
-3.58 	 -0.343932 	 0.222277
-3.56 	 -0.352594 	 0.20937
-3.54 	 -0.360754 	 0.196164
-3.52 	 -0.368403 	 0.18268
-3.5 	 -0.375534 	 0.16894
-3.48 	 -0.382139 	 0.154963
-3.46 	 -0.388212 	 0.14077
-3.44 	 -0.393748 	 0.126382
-3.42 	 -0.398742 	 0.111821
-3.4 	 -0.40319 	 0.0971062
-3.38 	 -0.407091 	 0.0822596
-3.36 	 -0.410441 	 0.0673018
-3.34 	 -0.41324 	 0.0522535
-3.32 	 -0.415486 	 0.0371354
-3.3 	 -0.417181 	 0.021968
-3.28 	 -0.418325 	 0.00677156
-3.26 	 -0.418921 	 -0.00843379
-3.24 	 -0.41897 	 -0.0236282
-3.22 	 -0.418476 	 -0.0387919
-3.2 	 -0.417443 	 -0.0539058
-3.18 	 -0.415876 	 -0.0689506
-3.16 	 -0.413781 	 -0.0839078
-3.14 	 -0.411162 	 -0.098759
-3.12 	 -0.408027 	 -0.113486
-3.1 	 -0.404382 	 -0.128072
-3.08 	 -0.400236 	 -0.142498
-3.06 	 -0.395598 	 -0.15675
-3.04 	 -0.390475 	 -0.170809
-3.02 	 -0.384877 	 -0.184661
-3 	 -0.378814 	 -0.19829
-2.98 	 -0.372297 	 -0.21168
-2.96 	 -0.365336 	 -0.224819
-2.94 	 -0.357943 	 -0.237691
-2.92 	 -0.350128 	 -0.250284
-2.9 	 -0.341905 	 -0.262585
-2.88 	 -0.333285 	 -0.274581
-2.86 	 -0.324281 	 -0.286261
-2.84 	 -0.314907 	 -0.297613
-2.82 	 -0.305174 	 -0.308628
-2.8 	 -0.295098 	 -0.319294
-2.78 	 -0.28469 	 -0.329603
-2.76 	 -0.273967 	 -0.339545
-2.74 	 -0.262941 	 -0.349112
-2.72 	 -0.251626 	 -0.358297
-2.7 	 -0.240038 	 -0.367092
-2.68 	 -0.228191 	 -0.375491
-2.66 	 -0.216099 	 -0.383487
-2.64 	 -0.203777 	 -0.391075
-2.62 	 -0.19124 	 -0.39825
-2.6 	 -0.178502 	 -0.405008
-2.58 	 -0.165579 	 -0.411345
-2.56 	 -0.152485 	 -0.417257
-2.54 	 -0.139235 	 -0.422742
-2.52 	 -0.125844 	 -0.427798
-2.5 	 -0.112325 	 -0.432422
-2.48 	 -0.0986943 	 -0.436615
-2.46 	 -0.0849655 	 -0.440374
-2.44 	 -0.0711532 	 -0.443699
-2.42 	 -0.0572714 	 -0.446592
-2.4 	 -0.0433341 	 -0.449052
-2.38 	 -0.0293553 	 -0.451082
-2.36 	 -0.0153484 	 -0.452682
-2.34 	 -0.0013271 	 -0.453854
-2.32 	 0.0126955 	 -0.454602
-2.3 	 0.0267063 	 -0.454928
-2.28 	 0.0406926 	 -0.454836
-2.26 	 0.0546418 	 -0.454329
-2.24 	 0.0685416 	 -0.453411
-2.22 	 0.0823801 	 -0.452087
-2.2 	 0.0961454 	 -0.450361
-2.18 	 0.109826 	 -0.448239
-2.16 	 0.123411 	 -0.445726
-2.14 	 0.136889 	 -0.442829
-2.12 	 0.150251 	 -0.439552
-2.1 	 0.163485 	 -0.435902
-2.08 	 0.176581 	 -0.431887
-2.06 	 0.189531 	 -0.427512
-2.04 	 0.202324 	 -0.422784
-2.02 	 0.214953 	 -0.417712
-2 	 0.227407 	 -0.412303
-1.98 	 0.23968 	 -0.406563
-1.96 	 0.251763 	 -0.400502
-1.94 	 0.263649 	 -0.394126
-1.92 	 0.27533 	 -0.387445
-1.9 	 0.2868 	 -0.380466
-1.88 	 0.298052 	 -0.373198
-1.86 	 0.30908 	 -0.365649
-1.84 	 0.319877 	 -0.357829
-1.82 	 0.33044 	 -0.349744
-1.8 	 0.340762 	 -0.341406
-1.78 	 0.350838 	 -0.332821
-1.76 	 0.360665 	 -0.324
-1.74 	 0.370238 	 -0.31495
-1.72 	 0.379553 	 -0.305682
-1.7 	 0.388607 	 -0.296203
-1.68 	 0.397397 	 -0.286522
-1.66 	 0.40592 	 -0.276649
-1.64 	 0.414173 	 -0.266593
-1.62 	 0.422155 	 -0.256361
-1.6 	 0.429863 	 -0.245963
-1.58 	 0.437296 	 -0.235408
-1.56 	 0.444453 	 -0.224704
-1.54 	 0.451332 	 -0.21386
-1.52 	 0.457934 	 -0.202884
-1.5 	 0.464257 	 -0.191785
-1.48 	 0.470301 	 -0.180571
-1.46 	 0.476067 	 -0.169249
-1.44 	 0.481555 	 -0.157829
-1.42 	 0.486766 	 -0.146318
-1.4 	 0.4917 	 -0.134724
-1.38 	 0.496359 	 -0.123054
-1.36 	 0.500744 	 -0.111317
-1.34 	 0.504857 	 -0.0995188
-1.32 	 0.508699 	 -0.0876674
-1.3 	 0.512272 	 -0.0757696
-1.28 	 0.515579 	 -0.0638325
-1.26 	 0.518622 	 -0.0518626
-1.24 	 0.521404 	 -0.0398666
-1.22 	 0.523927 	 -0.0278508
-1.2 	 0.526194 	 -0.0158214
-1.18 	 0.528209 	 -0.00378435
-1.16 	 0.529975 	 0.00825448
-1.14 	 0.531495 	 0.0202895
-1.12 	 0.532772 	 0.0323153
-1.1 	 0.533811 	 0.0443266
-1.08 	 0.534614 	 0.0563184
-1.06 	 0.535187 	 0.0682859
-1.04 	 0.535533 	 0.0802245
-1.02 	 0.535656 	 0.0921297
-1 	 0.535561 	 0.103997
-0.98 	 0.535251 	 0.115823
-0.96 	 0.534732 	 0.127604
-0.94 	 0.534007 	 0.139336
-0.92 	 0.533082 	 0.151015
-0.9 	 0.53196 	 0.162639
-0.88 	 0.530647 	 0.174204
-0.86 	 0.529147 	 0.185708
-0.84 	 0.527465 	 0.197148
-0.82 	 0.525606 	 0.208522
-0.8 	 0.523574 	 0.219828
-0.78 	 0.521375 	 0.231063
-0.76 	 0.519013 	 0.242226
-0.74 	 0.516493 	 0.253315
-0.72 	 0.513821 	 0.26433
-0.7 	 0.511 	 0.275268
-0.68 	 0.508037 	 0.286129
-0.66 	 0.504935 	 0.296913
-0.64 	 0.5017 	 0.307618
-0.62 	 0.498337 	 0.318244
-0.6 	 0.49485 	 0.328792
-0.58 	 0.491244 	 0.33926
-0.56 	 0.487524 	 0.34965
-0.54 	 0.483695 	 0.359962
-0.52 	 0.479761 	 0.370196
-0.5 	 0.475728 	 0.380353
-0.48 	 0.4716 	 0.390433
-0.46 	 0.467381 	 0.400439
-0.44 	 0.463076 	 0.410372
-0.42 	 0.458689 	 0.420232
-0.4 	 0.454226 	 0.430021
-0.38 	 0.449689 	 0.439742
-0.36 	 0.445085 	 0.449395
-0.34 	 0.440416 	 0.458984
-0.32 	 0.435687 	 0.468511
-0.3 	 0.430903 	 0.477978
-0.28 	 0.426067 	 0.487387
-0.26 	 0.421183 	 0.496742
-0.24 	 0.416256 	 0.506045
-0.22 	 0.411288 	 0.5153
-0.2 	 0.406284 	 0.524509
-0.18 	 0.401248 	 0.533676
-0.16 	 0.396183 	 0.542805
-0.14 	 0.391092 	 0.551899
-0.12 	 0.38598 	 0.560963
-0.1 	 0.380849 	 0.569999
-0.08 	 0.375702 	 0.579013
-0.06 	 0.370544 	 0.588008
-0.04 	 0.365377 	 0.596989
-0.02 	 0.360204 	 0.60596
0 	 0.355028 	 0.614927
0.02 	 0.349852 	 0.623893
0.04 	 0.344679 	 0.632865
0.06 	 0.339511 	 0.641847
0.08 	 0.334352 	 0.650844
0.1 	 0.329203 	 0.659862
0.12 	 0.324068 	 0.668906
0.14 	 0.318947 	 0.677983
0.16 	 0.313845 	 0.687097
0.18 	 0.308763 	 0.696256
0.2 	 0.303703 	 0.705464
0.22 	 0.298668 	 0.714729
0.24 	 0.293658 	 0.724057
0.26 	 0.288677 	 0.733455
0.28 	 0.283726 	 0.742929
0.3 	 0.278806 	 0.752486
0.32 	 0.273921 	 0.762133
0.34 	 0.26907 	 0.771878
0.36 	 0.264255 	 0.781728
0.38 	 0.259479 	 0.79169
0.4 	 0.254742 	 0.801773
0.42 	 0.250046 	 0.811984
0.44 	 0.245392 	 0.822332
0.46 	 0.240781 	 0.832824
0.48 	 0.236215 	 0.84347
0.5 	 0.231694 	 0.854277
0.52 	 0.227219 	 0.865255
0.54 	 0.222791 	 0.876414
0.56 	 0.218412 	 0.887762
0.58 	 0.214081 	 0.899308
0.6 	 0.2098 	 0.911063
0.62 	 0.205569 	 0.923037
0.64 	 0.20139 	 0.93524
0.66 	 0.197262 	 0.947682
0.68 	 0.193186 	 0.960375
0.7 	 0.189162 	 0.973329
0.72 	 0.185192 	 0.986555
0.74 	 0.181275 	 1.00007
0.76 	 0.177411 	 1.01387
0.78 	 0.173602 	 1.02799
0.8 	 0.169846 	 1.04242
0.82 	 0.166145 	 1.05719
0.84 	 0.162499 	 1.07231
0.86 	 0.158907 	 1.08778
0.88 	 0.155369 	 1.10363
0.9 	 0.151887 	 1.11987
0.92 	 0.148459 	 1.13651
0.94 	 0.145086 	 1.15358
0.96 	 0.141767 	 1.17107
0.98 	 0.138502 	 1.18901
1 	 0.135292 	 1.20742
1.02 	 0.132136 	 1.22632
1.04 	 0.129034 	 1.24571
1.06 	 0.125986 	 1.26562
1.08 	 0.122991 	 1.28607
1.1 	 0.120049 	 1.30707
1.12 	 0.11716 	 1.32865
1.14 	 0.114324 	 1.35083
1.16 	 0.11154 	 1.37362
1.18 	 0.108807 	 1.39705
1.2 	 0.106126 	 1.42113
1.22 	 0.103495 	 1.4459
1.24 	 0.100916 	 1.47138
1.26 	 0.0983859 	 1.49758
1.28 	 0.0959057 	 1.52454
1.3 	 0.0934747 	 1.55228
1.32 	 0.0910922 	 1.58083
1.34 	 0.0887578 	 1.61021
1.36 	 0.0864711 	 1.64046
1.38 	 0.0842313 	 1.6716
1.4 	 0.082038 	 1.70366
1.42 	 0.0798907 	 1.73667
1.44 	 0.0777888 	 1.77068
1.46 	 0.0757317 	 1.8057
1.48 	 0.0737188 	 1.84177
1.5 	 0.0717495 	 1.87894
1.52 	 0.0698233 	 1.91724
1.54 	 0.0679395 	 1.9567
1.56 	 0.0660976 	 1.99736
1.58 	 0.0642969 	 2.03927
1.6 	 0.0625369 	 2.08247
1.62 	 0.0608169 	 2.12701
1.64 	 0.0591363 	 2.17292
1.66 	 0.0574945 	 2.22026
1.68 	 0.0558909 	 2.26907
1.7 	 0.0543248 	 2.31941
1.72 	 0.0527957 	 2.37132
1.74 	 0.0513029 	 2.42487
1.76 	 0.0498458 	 2.4801
1.78 	 0.0484237 	 2.53708
1.8 	 0.0470362 	 2.59587
1.82 	 0.0456826 	 2.65653
1.84 	 0.0443621 	 2.71912
1.86 	 0.0430744 	 2.78371
1.88 	 0.0418187 	 2.85037
1.9 	 0.0405944 	 2.91918
1.92 	 0.039401 	 2.9902
1.94 	 0.0382379 	 3.06352
1.96 	 0.0371044 	 3.13922
1.98 	 0.036 	 3.21739
2 	 0.0349241 	 3.29809
