0 	 0
0.02 	 0.0199987
0.04 	 0.0399893
0.06 	 0.059964
0.08 	 0.0799147
0.1 	 0.0998334
0.12 	 0.119712
0.14 	 0.139543
0.16 	 0.159318
0.18 	 0.17903
0.2 	 0.198669
0.22 	 0.21823
0.24 	 0.237703
0.26 	 0.257081
0.28 	 0.276356
0.3 	 0.29552
0.32 	 0.314567
0.34 	 0.333487
0.36 	 0.352274
0.38 	 0.37092
0.4 	 0.389418
0.42 	 0.40776
0.44 	 0.425939
0.46 	 0.443948
0.48 	 0.461779
0.5 	 0.479426
0.52 	 0.49688
0.54 	 0.514136
0.56 	 0.531186
0.58 	 0.548024
0.6 	 0.564642
0.62 	 0.581035
0.64 	 0.597195
0.66 	 0.613117
0.68 	 0.628793
0.7 	 0.644218
0.72 	 0.659385
0.74 	 0.674288
0.76 	 0.688921
0.78 	 0.703279
0.8 	 0.717356
0.82 	 0.731146
0.84 	 0.744643
0.86 	 0.757843
0.88 	 0.770739
0.9 	 0.783327
0.92 	 0.795602
0.94 	 0.807558
0.96 	 0.819192
0.98 	 0.830497
1 	 0.841471
1.02 	 0.852108
1.04 	 0.862404
1.06 	 0.872355
1.08 	 0.881958
1.1 	 0.891207
1.12 	 0.9001
1.14 	 0.908633
1.16 	 0.916803
1.18 	 0.924606
1.2 	 0.932039
1.22 	 0.939099
1.24 	 0.945784
1.26 	 0.95209
1.28 	 0.958016
1.3 	 0.963558
1.32 	 0.968715
1.34 	 0.973485
1.36 	 0.977865
1.38 	 0.981854
1.4 	 0.98545
1.42 	 0.988652
1.44 	 0.991458
1.46 	 0.993868
1.48 	 0.995881
1.5 	 0.997495
1.52 	 0.99871
1.54 	 0.999526
1.56 	 0.999942
1.58 	 0.999958
1.6 	 0.999574
1.62 	 0.99879
1.64 	 0.997606
1.66 	 0.996024
1.68 	 0.994043
1.7 	 0.991665
1.72 	 0.98889
1.74 	 0.985719
1.76 	 0.982154
1.78 	 0.978197
1.8 	 0.973848
1.82 	 0.969109
1.84 	 0.963983
1.86 	 0.958471
1.88 	 0.952576
1.9 	 0.9463
1.92 	 0.939645
1.94 	 0.932615
1.96 	 0.925212
1.98 	 0.917438
2 	 0.909297
2.02 	 0.900793
2.04 	 0.891929
2.06 	 0.882707
2.08 	 0.873133
2.1 	 0.863209
2.12 	 0.85294
2.14 	 0.84233
2.16 	 0.831383
2.18 	 0.820104
2.2 	 0.808496
2.22 	 0.796565
2.24 	 0.784316
2.26 	 0.771753
2.28 	 0.758881
2.3 	 0.745705
2.32 	 0.732231
2.34 	 0.718465
2.36 	 0.704411
2.38 	 0.690075
2.4 	 0.675463
2.42 	 0.660581
2.44 	 0.645435
2.46 	 0.630031
2.48 	 0.614374
2.5 	 0.598472
2.52 	 0.582331
2.54 	 0.565956
2.56 	 0.549355
2.58 	 0.532535
2.6 	 0.515501
2.62 	 0.498262
2.64 	 0.480823
2.66 	 0.463191
2.68 	 0.445375
2.7 	 0.42738
2.72 	 0.409214
2.74 	 0.390885
2.76 	 0.372399
2.78 	 0.353764
2.8 	 0.334988
2.82 	 0.316078
2.84 	 0.297041
2.86 	 0.277886
2.88 	 0.258619
2.9 	 0.239249
2.92 	 0.219784
2.94 	 0.20023
2.96 	 0.180596
2.98 	 0.16089
3 	 0.14112
3.02 	 0.121293
3.04 	 0.101418
3.06 	 0.0815022
3.08 	 0.0615537
3.1 	 0.0415807
3.12 	 0.021591
3.14 	 0.00159265
3.16 	 -0.0184063
3.18 	 -0.0383979
3.2 	 -0.0583741
3.22 	 -0.078327
3.24 	 -0.0982486
3.26 	 -0.118131
3.28 	 -0.137966
3.3 	 -0.157746
3.32 	 -0.177462
3.34 	 -0.197108
3.36 	 -0.216675
3.38 	 -0.236155
3.4 	 -0.255541
3.42 	 -0.274825
3.44 	 -0.293998
3.46 	 -0.313054
3.48 	 -0.331985
3.5 	 -0.350783
3.52 	 -0.369441
3.54 	 -0.387951
3.56 	 -0.406306
3.58 	 -0.424498
3.6 	 -0.44252
3.62 	 -0.460366
3.64 	 -0.478027
3.66 	 -0.495497
3.68 	 -0.512769
3.7 	 -0.529836
3.72 	 -0.546691
3.74 	 -0.563327
3.76 	 -0.579738
3.78 	 -0.595917
3.8 	 -0.611858
3.82 	 -0.627554
3.84 	 -0.642999
3.86 	 -0.658186
3.88 	 -0.673111
3.9 	 -0.687766
3.92 	 -0.702146
3.94 	 -0.716246
3.96 	 -0.730058
3.98 	 -0.743579
4 	 -0.756802
4.02 	 -0.769723
4.04 	 -0.782336
4.06 	 -0.794636
4.08 	 -0.806618
4.1 	 -0.818277
4.12 	 -0.829609
4.14 	 -0.840609
4.16 	 -0.851273
4.18 	 -0.861597
4.2 	 -0.871576
4.22 	 -0.881206
4.24 	 -0.890484
4.26 	 -0.899405
4.28 	 -0.907967
4.3 	 -0.916166
4.32 	 -0.923998
4.34 	 -0.931461
4.36 	 -0.938551
4.38 	 -0.945266
4.4 	 -0.951602
4.42 	 -0.957558
4.44 	 -0.963131
4.46 	 -0.968319
4.48 	 -0.973119
4.5 	 -0.97753
4.52 	 -0.98155
4.54 	 -0.985178
4.56 	 -0.988411
4.58 	 -0.991249
4.6 	 -0.993691
4.62 	 -0.995735
4.64 	 -0.997381
4.66 	 -0.998628
4.68 	 -0.999476
4.7 	 -0.999923
4.72 	 -0.999971
4.74 	 -0.999619
4.76 	 -0.998867
4.78 	 -0.997715
4.8 	 -0.996165
4.82 	 -0.994216
4.84 	 -0.991869
4.86 	 -0.989125
4.88 	 -0.985986
4.9 	 -0.982453
4.92 	 -0.978526
4.94 	 -0.974208
4.96 	 -0.969501
4.98 	 -0.964405
5 	 -0.958924
5.02 	 -0.95306
5.04 	 -0.946814
5.06 	 -0.940189
5.08 	 -0.933189
5.1 	 -0.925815
5.12 	 -0.91807
5.14 	 -0.909959
5.16 	 -0.901484
5.18 	 -0.892648
5.2 	 -0.883455
5.22 	 -0.873908
5.24 	 -0.864012
5.26 	 -0.853771
5.28 	 -0.843188
5.3 	 -0.832267
5.32 	 -0.821014
5.34 	 -0.809433
5.36 	 -0.797527
5.38 	 -0.785303
5.4 	 -0.772764
5.42 	 -0.759917
5.44 	 -0.746765
5.46 	 -0.733315
5.48 	 -0.719572
5.5 	 -0.70554
5.52 	 -0.691227
5.54 	 -0.676637
5.56 	 -0.661776
5.58 	 -0.646651
5.6 	 -0.631267
5.62 	 -0.61563
5.64 	 -0.599747
5.66 	 -0.583625
5.68 	 -0.567269
5.7 	 -0.550686
5.72 	 -0.533882
5.74 	 -0.516865
5.76 	 -0.499642
5.78 	 -0.482218
5.8 	 -0.464602
5.82 	 -0.4468
5.84 	 -0.428819
5.86 	 -0.410667
5.88 	 -0.39235
5.9 	 -0.373877
5.92 	 -0.355254
5.94 	 -0.336488
5.96 	 -0.317589
5.98 	 -0.298562
6 	 -0.279415
6.02 	 -0.260157
6.04 	 -0.240795
6.06 	 -0.221337
6.08 	 -0.20179
6.1 	 -0.182163
6.12 	 -0.162462
6.14 	 -0.142697
6.16 	 -0.122874
6.18 	 -0.103002
6.2 	 -0.0830894
6.22 	 -0.0631433
6.24 	 -0.0431719
6.26 	 -0.0231832
6.28 	 -0.0031853
6.3 	 0.0168139
6.32 	 0.0368064
6.34 	 0.0567841
6.36 	 0.0767392
6.38 	 0.0966635
6.4 	 0.116549
6.42 	 0.136388
6.44 	 0.156173
6.46 	 0.175895
6.48 	 0.195547
6.5 	 0.21512
