0.0001 	 9.999e-05 	 9.999e-05
0.0201 	 0.0197 	 0.0197
0.0401 	 0.0385238 	 0.0385238
0.0601 	 0.0565944 	 0.0565944
0.0801 	 0.0739342 	 0.0739342
0.1001 	 0.0905652 	 0.0905652
0.1201 	 0.106508 	 0.106508
0.1401 	 0.121785 	 0.121785
0.1601 	 0.136415 	 0.136415
0.1801 	 0.150417 	 0.150417
0.2001 	 0.163812 	 0.163812
0.2201 	 0.176617 	 0.176617
0.2401 	 0.18885 	 0.18885
0.2601 	 0.20053 	 0.20053
0.2801 	 0.211674 	 0.211674
0.3001 	 0.222297 	 0.222297
0.3201 	 0.232417 	 0.232417
0.3401 	 0.242049 	 0.242049
0.3601 	 0.251208 	 0.251208
0.3801 	 0.259909 	 0.25991
0.4001 	 0.268168 	 0.268168
0.4201 	 0.275997 	 0.275998
0.4401 	 0.283412 	 0.283412
0.4601 	 0.290424 	 0.290425
0.4801 	 0.297048 	 0.297048
0.5001 	 0.303295 	 0.303296
0.5201 	 0.309178 	 0.309179
0.5401 	 0.31471 	 0.314711
0.5601 	 0.319901 	 0.319902
0.5801 	 0.324763 	 0.324765
0.6001 	 0.329308 	 0.329309
0.6201 	 0.333545 	 0.333546
0.6401 	 0.337485 	 0.337486
0.6601 	 0.341138 	 0.341139
0.6801 	 0.344514 	 0.344516
0.7001 	 0.347623 	 0.347625
0.7201 	 0.350473 	 0.350475
0.7401 	 0.353075 	 0.353077
0.7601 	 0.355435 	 0.355438
0.7801 	 0.357564 	 0.357567
0.8001 	 0.35947 	 0.359472
0.8201 	 0.361159 	 0.361162
0.8401 	 0.362641 	 0.362644
0.8601 	 0.363922 	 0.363925
0.8801 	 0.365011 	 0.365014
0.9001 	 0.365913 	 0.365917
0.9201 	 0.366637 	 0.366641
0.9401 	 0.367189 	 0.367193
0.9601 	 0.367575 	 0.367579
0.9801 	 0.367801 	 0.367806
1.0001 	 0.367875 	 0.367879
1.0201 	 0.367801 	 0.367806
1.0401 	 0.367587 	 0.367591
1.0601 	 0.367236 	 0.367241
1.0801 	 0.366755 	 0.36676
1.1001 	 0.366149 	 0.366155
1.1201 	 0.365424 	 0.365429
1.1401 	 0.364583 	 0.364589
1.1601 	 0.363633 	 0.363639
1.1801 	 0.362577 	 0.362583
1.2001 	 0.36142 	 0.361427
1.2201 	 0.360167 	 0.360174
1.2401 	 0.358822 	 0.358829
1.2601 	 0.357389 	 0.357397
1.2801 	 0.355872 	 0.35588
1.3001 	 0.354275 	 0.354283
1.3201 	 0.352601 	 0.35261
1.3401 	 0.350855 	 0.350864
1.3601 	 0.34904 	 0.349049
1.3801 	 0.347159 	 0.347169
1.4001 	 0.345216 	 0.345226
1.4201 	 0.343213 	 0.343224
1.4401 	 0.341155 	 0.341166
1.4601 	 0.339043 	 0.339054
1.4801 	 0.336882 	 0.336893
1.5001 	 0.334672 	 0.334684
1.5201 	 0.332419 	 0.332431
1.5401 	 0.330123 	 0.330135
1.5601 	 0.327788 	 0.327801
1.5801 	 0.325416 	 0.325429
1.6001 	 0.323009 	 0.323022
1.6201 	 0.32057 	 0.320584
1.6401 	 0.318101 	 0.318115
1.6601 	 0.315604 	 0.315618
1.6801 	 0.313081 	 0.313096
1.7001 	 0.310534 	 0.310549
1.7201 	 0.307965 	 0.307981
1.7401 	 0.305376 	 0.305393
1.7601 	 0.302769 	 0.302786
1.7801 	 0.300146 	 0.300163
1.8001 	 0.297507 	 0.297525
1.8201 	 0.294856 	 0.294874
1.8401 	 0.292192 	 0.292211
1.8601 	 0.289519 	 0.289538
1.8801 	 0.286837 	 0.286856
1.9001 	 0.284147 	 0.284167
1.9201 	 0.281452 	 0.281472
1.9401 	 0.278752 	 0.278772
1.9601 	 0.276048 	 0.276069
1.9801 	 0.273342 	 0.273364
2.0001 	 0.270635 	 0.270657
2.0201 	 0.267928 	 0.267951
2.0401 	 0.265222 	 0.265245
2.0601 	 0.262518 	 0.262542
2.0801 	 0.259817 	 0.259841
2.1001 	 0.257121 	 0.257145
2.1201 	 0.254429 	 0.254454
2.1401 	 0.251742 	 0.251768
2.1601 	 0.249063 	 0.249089
2.1801 	 0.246391 	 0.246417
2.2001 	 0.243727 	 0.243754
2.2201 	 0.241071 	 0.241099
2.2401 	 0.238426 	 0.238454
2.2601 	 0.23579 	 0.235819
2.2801 	 0.233166 	 0.233195
2.3001 	 0.230552 	 0.230582
2.3201 	 0.227951 	 0.227982
2.3401 	 0.225363 	 0.225394
2.3601 	 0.222787 	 0.222819
2.3801 	 0.220225 	 0.220258
2.4001 	 0.217678 	 0.21771
2.4201 	 0.215144 	 0.215178
2.4401 	 0.212626 	 0.21266
2.4601 	 0.210123 	 0.210158
2.4801 	 0.207636 	 0.207671
2.5001 	 0.205164 	 0.2052
2.5201 	 0.202709 	 0.202746
2.5401 	 0.200271 	 0.200309
2.5601 	 0.19785 	 0.197888
2.5801 	 0.195447 	 0.195485
2.6001 	 0.19306 	 0.193099
2.6201 	 0.190692 	 0.190732
2.6401 	 0.188342 	 0.188382
2.6601 	 0.18601 	 0.186051
2.6801 	 0.183696 	 0.183738
2.7001 	 0.181401 	 0.181443
2.7201 	 0.179125 	 0.179168
2.7401 	 0.176868 	 0.176912
2.7601 	 0.174629 	 0.174674
2.7801 	 0.172411 	 0.172456
2.8001 	 0.170211 	 0.170257
2.8201 	 0.168031 	 0.168078
2.8401 	 0.16587 	 0.165918
2.8601 	 0.16373 	 0.163778
2.8801 	 0.161608 	 0.161658
2.9001 	 0.159507 	 0.159557
2.9201 	 0.157425 	 0.157476
2.9401 	 0.155363 	 0.155415
2.9601 	 0.153321 	 0.153374
2.9801 	 0.151299 	 0.151353
3.0001 	 0.149297 	 0.149351
3.0201 	 0.147315 	 0.14737
3.0401 	 0.145352 	 0.145408
3.0601 	 0.14341 	 0.143467
3.0801 	 0.141487 	 0.141545
3.1001 	 0.139585 	 0.139643
3.1201 	 0.137702 	 0.137761
3.1401 	 0.135838 	 0.135899
3.1601 	 0.133995 	 0.134056
3.1801 	 0.132171 	 0.132233
3.2001 	 0.130367 	 0.13043
3.2201 	 0.128582 	 0.128646
3.2401 	 0.126817 	 0.126882
3.2601 	 0.125071 	 0.125138
3.2801 	 0.123345 	 0.123412
3.3001 	 0.121638 	 0.121706
3.3201 	 0.11995 	 0.120019
3.3401 	 0.118281 	 0.118351
3.3601 	 0.116631 	 0.116702
3.3801 	 0.115 	 0.115072
3.4001 	 0.113388 	 0.113461
3.4201 	 0.111794 	 0.111869
3.4401 	 0.110219 	 0.110295
3.4601 	 0.108663 	 0.108739
3.4801 	 0.107124 	 0.107202
3.5001 	 0.105604 	 0.105683
3.5201 	 0.104103 	 0.104183
3.5401 	 0.102619 	 0.1027
3.5601 	 0.101153 	 0.101235
3.5801 	 0.0997042 	 0.0997878
3.6001 	 0.0982734 	 0.0983583
3.6201 	 0.0968602 	 0.0969463
3.6401 	 0.0954642 	 0.0955516
3.6601 	 0.0940855 	 0.0941742
3.6801 	 0.0927238 	 0.0928138
3.7001 	 0.0913791 	 0.0914704
3.7201 	 0.0900511 	 0.0901438
3.7401 	 0.0887399 	 0.0888338
3.7601 	 0.0874451 	 0.0875404
3.7801 	 0.0861667 	 0.0862634
3.8001 	 0.0849045 	 0.0850027
3.8201 	 0.0836584 	 0.083758
3.8401 	 0.0824282 	 0.0825293
3.8601 	 0.0812139 	 0.0813165
3.8801 	 0.0800152 	 0.0801193
3.9001 	 0.078832 	 0.0789376
3.9201 	 0.0776642 	 0.0777713
3.9401 	 0.0765116 	 0.0766202
3.9601 	 0.075374 	 0.0754843
3.9801 	 0.0742514 	 0.0743633
4.0001 	 0.0731435 	 0.0732571
4.0201 	 0.0720503 	 0.0721655
4.0401 	 0.0709715 	 0.0710884
4.0601 	 0.0699071 	 0.0700257
4.0801 	 0.0688569 	 0.0689773
4.1001 	 0.0678207 	 0.0679428
4.1201 	 0.0667984 	 0.0669223
4.1401 	 0.0657899 	 0.0659156
4.1601 	 0.0647949 	 0.0649225
4.1801 	 0.0638135 	 0.0639429
4.2001 	 0.0628453 	 0.0629766
4.2201 	 0.0618903 	 0.0620235
4.2401 	 0.0609483 	 0.0610835
4.2601 	 0.0600192 	 0.0601564
4.2801 	 0.0591028 	 0.0592421
4.3001 	 0.0581991 	 0.0583403
4.3201 	 0.0573077 	 0.0574511
4.3401 	 0.0564287 	 0.0565742
4.3601 	 0.0555619 	 0.0557095
4.3801 	 0.0547071 	 0.0548568
4.4001 	 0.0538641 	 0.0540161
4.4201 	 0.053033 	 0.0531872
4.4401 	 0.0522134 	 0.0523699
4.4601 	 0.0514053 	 0.0515641
4.4801 	 0.0506086 	 0.0507697
4.5001 	 0.049823 	 0.0499866
4.5201 	 0.0490486 	 0.0492146
4.5401 	 0.048285 	 0.0484535
4.5601 	 0.0475323 	 0.0477033
4.5801 	 0.0467903 	 0.0469638
4.6001 	 0.0460588 	 0.0462348
4.6201 	 0.0453377 	 0.0455164
4.6401 	 0.0446269 	 0.0448082
4.6601 	 0.0439262 	 0.0441103
4.6801 	 0.0432356 	 0.0434224
4.7001 	 0.0425549 	 0.0427444
4.7201 	 0.0418839 	 0.0420763
4.7401 	 0.0412226 	 0.0414179
4.7601 	 0.0405709 	 0.0407691
4.7801 	 0.0399285 	 0.0401297
4.8001 	 0.0392954 	 0.0394997
4.8201 	 0.0386715 	 0.0388788
4.8401 	 0.0380567 	 0.0382671
4.8601 	 0.0374508 	 0.0376644
4.8801 	 0.0368537 	 0.0370705
4.9001 	 0.0362653 	 0.0364854
4.9201 	 0.0356855 	 0.0359089
4.9401 	 0.0351141 	 0.0353409
4.9601 	 0.0345511 	 0.0347813
4.9801 	 0.0339964 	 0.0342301
5.0001 	 0.0334498 	 0.033687
5.0201 	 0.0329112 	 0.0331521
5.0401 	 0.0323806 	 0.0326251
5.0601 	 0.0318577 	 0.032106
5.0801 	 0.0313426 	 0.0315946
5.1001 	 0.0308351 	 0.0310909
5.1201 	 0.030335 	 0.0305948
5.1401 	 0.0298424 	 0.0301061
5.1601 	 0.029357 	 0.0296248
5.1801 	 0.0288788 	 0.0291507
5.2001 	 0.0284078 	 0.0286838
5.2201 	 0.0279437 	 0.028224
5.2401 	 0.0274865 	 0.0277711
5.2601 	 0.0270361 	 0.0273251
5.2801 	 0.0265924 	 0.0268859
5.3001 	 0.0261554 	 0.0264533
5.3201 	 0.0257248 	 0.0260273
5.3401 	 0.0253007 	 0.0256079
5.3601 	 0.0248828 	 0.0251948
5.3801 	 0.0244713 	 0.0247881
5.4001 	 0.0240658 	 0.0243875
5.4201 	 0.0236665 	 0.0239932
5.4401 	 0.0232731 	 0.0236049
5.4601 	 0.0228856 	 0.0232225
5.4801 	 0.0225039 	 0.0228461
5.5001 	 0.0221279 	 0.0224754
5.5201 	 0.0217575 	 0.0221105
5.5401 	 0.0213927 	 0.0217512
5.5601 	 0.0210334 	 0.0213974
5.5801 	 0.0206794 	 0.0210492
5.6001 	 0.0203308 	 0.0207063
5.6201 	 0.0199874 	 0.0203688
5.6401 	 0.0196491 	 0.0200365
5.6601 	 0.0193159 	 0.0197094
5.6801 	 0.0189877 	 0.0193874
5.7001 	 0.0186644 	 0.0190704
5.7201 	 0.018346 	 0.0187584
5.7401 	 0.0180323 	 0.0184512
5.7601 	 0.0177234 	 0.0181489
5.7801 	 0.017419 	 0.0178513
5.8001 	 0.0171193 	 0.0175584
5.8201 	 0.016824 	 0.01727
5.8401 	 0.0165331 	 0.0169862
5.8601 	 0.0162466 	 0.0167069
5.8801 	 0.0159643 	 0.016432
5.9001 	 0.0156863 	 0.0161614
5.9201 	 0.0154124 	 0.0158951
5.9401 	 0.0151426 	 0.015633
5.9601 	 0.0148768 	 0.015375
5.9801 	 0.014615 	 0.0151211
6.0001 	 0.014357 	 0.0148713
6.0201 	 0.0141029 	 0.0146254
6.0401 	 0.0138526 	 0.0143834
6.0601 	 0.0136059 	 0.0141453
6.0801 	 0.0133629 	 0.013911
6.1001 	 0.0131235 	 0.0136803
6.1201 	 0.0128877 	 0.0134534
6.1401 	 0.0126552 	 0.0132301
6.1601 	 0.0124262 	 0.0130104
6.1801 	 0.0122006 	 0.0127942
6.2001 	 0.0119783 	 0.0125814
6.2201 	 0.0117592 	 0.0123721
6.2401 	 0.0115433 	 0.0121661
6.2601 	 0.0113305 	 0.0119634
6.2801 	 0.0111208 	 0.011764
6.3001 	 0.0109142 	 0.0115677
6.3201 	 0.0107105 	 0.0113747
6.3401 	 0.0105098 	 0.0111847
6.3601 	 0.0103119 	 0.0109978
6.3801 	 0.0101169 	 0.010814
6.4001 	 0.00992461 	 0.0106331
6.4201 	 0.00973508 	 0.0104551
6.4401 	 0.00954824 	 0.01028
6.4601 	 0.00936402 	 0.0101077
6.4801 	 0.00918239 	 0.00993825
6.5001 	 0.0090033 	 0.00977153
6.5201 	 0.0088267 	 0.00960751
6.5401 	 0.00865256 	 0.00944615
6.5601 	 0.00848081 	 0.00928742
6.5801 	 0.00831142 	 0.00913127
6.6001 	 0.00814434 	 0.00897767
6.6201 	 0.00797954 	 0.00882656
6.6401 	 0.00781696 	 0.00867792
6.6601 	 0.00765657 	 0.00853171
6.6801 	 0.00749832 	 0.00838788
6.7001 	 0.00734217 	 0.00824641
6.7201 	 0.00718808 	 0.00810725
6.7401 	 0.00703601 	 0.00797036
6.7601 	 0.00688592 	 0.00783572
6.7801 	 0.00673777 	 0.00770329
6.8001 	 0.00659152 	 0.00757303
6.8201 	 0.00644713 	 0.0074449
6.8401 	 0.00630456 	 0.00731888
6.8601 	 0.00616378 	 0.00719493
6.8801 	 0.00602474 	 0.00707303
6.9001 	 0.00588742 	 0.00695312
6.9201 	 0.00575176 	 0.0068352
6.9401 	 0.00561774 	 0.00671922
6.9601 	 0.00548532 	 0.00660515
6.9801 	 0.00535446 	 0.00649296
7.0001 	 0.00522513 	 0.00638263
7.0201 	 0.0050973 	 0.00627412
7.0401 	 0.00497092 	 0.0061674
7.0601 	 0.00484597 	 0.00606245
7.0801 	 0.0047224 	 0.00595924
7.1001 	 0.0046002 	 0.00585774
7.1201 	 0.00447931 	 0.00575792
7.1401 	 0.00435971 	 0.00565976
7.1601 	 0.00424137 	 0.00556323
7.1801 	 0.00412425 	 0.0054683
7.2001 	 0.00400832 	 0.00537495
7.2201 	 0.00389354 	 0.00528316
7.2401 	 0.0037799 	 0.00519289
7.2601 	 0.00366735 	 0.00510412
7.2801 	 0.00355586 	 0.00501684
7.3001 	 0.0034454 	 0.00493101
7.3201 	 0.00333594 	 0.00484661
7.3401 	 0.00322745 	 0.00476362
7.3601 	 0.00311991 	 0.00468202
7.3801 	 0.00301327 	 0.00460178
7.4001 	 0.00290751 	 0.00452288
7.4201 	 0.00280259 	 0.0044453
7.4401 	 0.0026985 	 0.00436902
7.4601 	 0.0025952 	 0.00429402
7.4801 	 0.00249265 	 0.00422028
7.5001 	 0.00239084 	 0.00414777
7.5201 	 0.00228973 	 0.00407648
7.5401 	 0.00218929 	 0.00400639
7.5601 	 0.00208949 	 0.00393748
7.5801 	 0.00199031 	 0.00386972
7.6001 	 0.00189171 	 0.0038031
7.6201 	 0.00179367 	 0.0037376
7.6401 	 0.00169616 	 0.00367321
7.6601 	 0.00159915 	 0.0036099
7.6801 	 0.00150262 	 0.00354766
7.7001 	 0.00140652 	 0.00348647
7.7201 	 0.00131085 	 0.00342631
7.7401 	 0.00121556 	 0.00336716
7.7601 	 0.00112064 	 0.00330901
7.7801 	 0.00102604 	 0.00325185
7.8001 	 0.000931754 	 0.00319565
7.8201 	 0.000837742 	 0.00314041
7.8401 	 0.00074398 	 0.0030861
7.8601 	 0.00065044 	 0.0030327
7.8801 	 0.000557093 	 0.00298022
7.9001 	 0.000463913 	 0.00292862
7.9201 	 0.000370871 	 0.00287789
7.9401 	 0.00027794 	 0.00282803
7.9601 	 0.000185093 	 0.00277902
7.9801 	 9.23007e-05 	 0.00273083
